#type       avg     std     min      p5     p10     p50     p67     p75     p80     p85     p90     p95     p99    p999   p9999      QPS   target       ts_start         ts_end
read      376.1   225.5   173.5   248.8   264.5   351.4   395.8   421.8   440.4   464.8   499.1   556.1   702.8  2002.4  9709.7  29984.4    30000  1713346967133  1713346977293
read      373.6   222.5   173.5   247.5   263.2   348.6   393.2   419.1   437.3   462.6   496.9   553.4   700.7  1700.4  9961.4  29991.4    30005  1713346978802  1713346988942
read      374.6   244.2   173.5   248.1   263.8   349.7   393.9   419.6   437.8   462.6   496.8   551.2   691.9  2004.3 12373.3  29938.7    30010  1713346990450  1713347000564
read      373.6   224.5   173.5   245.0   261.0   347.2   392.9   419.6   438.8   464.5   500.0   557.7   703.2  2147.1  8793.4  29969.5    30015  1713347002073  1713347012182
read      370.8   204.7   173.5   245.6   261.5   346.5   391.1   416.9   435.3   460.8   494.8   547.9   688.8  1854.3  8718.2  29993.6    30020  1713347013689  1713347023808
read      374.8   218.6   173.5   246.1   262.2   349.2   394.0   420.4   439.5   464.7   499.9   557.2   731.8  1820.4  8138.7  30032.1    30025  1713347025316  1713347035435
read      377.3   229.9   173.5   247.8   263.8   351.7   396.8   423.5   442.9   467.1   502.4   560.7   719.7  2108.8  9055.5  30114.3    30030  1713347036945  1713347047060
read      377.9   227.2   173.5   245.4   261.7   349.5   395.9   423.4   443.7   468.6   505.4   568.3   773.1  2131.9  9478.8  30041.7    30035  1713347048569  1713347058684
read      371.4   213.6   173.5   244.3   260.4   346.5   391.5   417.2   435.3   460.3   494.4   549.8   694.0  2139.8  8970.9  29972.7    30040  1713347060190  1713347070302
read      374.7   190.9   173.5   246.2   262.2   349.6   395.3   422.0   441.3   466.2   502.9   563.9   725.6  1817.7  8431.8  30012.0    30045  1713347071812  1713347081927
read      372.0   205.1   187.4   248.8   264.1   347.9   391.8   417.0   435.1   459.5   492.1   546.2   691.5  1919.5  8382.3  30132.8    30050  1713347083436  1713347093546
read      368.1   235.1   173.5   243.6   259.7   344.1   388.0   413.4   432.4   457.0   490.6   545.6   684.1  1655.1 10796.3  30013.0    30055  1713347095056  1713347105179
read      376.8   228.7   173.5   244.4   260.8   350.1   396.0   422.9   442.6   467.5   503.8   565.7   748.4  2274.5  8772.6  30110.9    30060  1713347106691  1713347116811
read      377.9   221.0   173.5   246.0   262.4   351.8   397.8   425.4   446.0   470.8   507.3   567.5   729.7  2024.5  8735.4  30106.1    30065  1713347118320  1713347128433
read      380.8   241.3   187.4   248.6   264.7   353.1   398.7   426.0   446.5   470.8   507.4   570.6   754.0  2053.9 11600.4  30049.1    30070  1713347129944  1713347140059
read      379.6   236.3   173.5   246.9   263.2   352.2   398.0   425.1   445.4   470.2   506.6   569.9   741.9  2308.3 10387.1  30057.4    30075  1713347141568  1713347151690
read      372.9   221.6   173.5   248.2   263.9   348.6   392.7   418.7   437.2   462.1   495.2   548.7   688.8  1674.2  9734.5  30047.5    30080  1713347153203  1713347163314
read      375.7   228.3   187.4   248.2   264.0   351.0   396.1   422.6   441.7   465.9   500.4   556.7   698.0  1954.1 11052.9  30024.8    30085  1713347164821  1713347174938
read      378.9   229.3   173.5   249.3   265.4   353.3   397.8   424.4   443.9   467.9   502.7   562.2   726.4  2152.6  9725.8  30247.5    30090  1713347176448  1713347186563
read      381.1   252.7   173.5   249.2   265.8   355.6   400.4   427.0   447.0   470.6   506.6   565.5   707.2  2322.4 10768.6  30085.4    30095  1713347188074  1713347198194
read      381.5   209.3   187.4   251.7   267.6   355.9   400.8   428.2   448.9   473.1   509.4   572.1   723.8  2021.7  8515.2  30070.4    30100  1713347199703  1713347209822
read      373.0   242.2   173.5   246.0   261.8   344.8   390.2   417.2   436.6   462.2   496.3   551.4   735.7  2044.7 11275.1  30087.3    30105  1713347211331  1713347221443
read      377.5   224.6   173.5   247.2   263.2   350.0   395.9   423.1   443.2   468.3   504.3   564.4   738.7  2351.3  9804.0  30138.2    30110  1713347222952  1713347233071
read      376.2   246.5   173.5   246.7   262.9   351.6   396.8   423.4   442.9   467.3   502.7   559.4   710.0  1874.1 10758.2  30152.3    30115  1713347234580  1713347244695
read      378.5   230.2   173.5   248.8   264.8   352.3   397.1   423.9   443.7   468.5   505.2   565.9   714.8  2148.6 10235.5  30161.1    30120  1713347246207  1713347256322
read      376.0   302.9   173.5   247.1   263.2   349.4   393.9   420.0   438.5   463.6   497.9   554.3   691.6  2312.2 12621.3  30154.5    30125  1713347257832  1713347267951
read      373.6   210.8   173.5   247.9   263.7   349.3   394.0   420.4   439.2   464.1   498.3   552.4   687.8  1734.9 10472.9  30123.3    30130  1713347269459  1713347279571
read      373.5   209.7   173.5   244.2   260.7   349.1   394.5   421.1   440.2   465.7   501.3   559.4   702.7  1808.9  9675.8  30120.0    30135  1713347281082  1713347291203
read      373.6   280.6   173.5   243.7   260.2   347.7   392.5   418.3   436.5   461.6   495.3   549.4   703.0  2550.2 11436.3  30131.4    30140  1713347292712  1713347302825
read      374.8   238.4   173.5   247.6   263.8   350.6   394.5   420.2   438.3   462.8   496.0   549.1   691.5  2159.4 12219.8  30094.8    30145  1713347304337  1713347314457
read      371.4   206.0   173.5   239.7   256.9   347.3   393.0   419.2   437.4   462.6   497.3   555.0   719.8  1957.7  8478.7  30220.1    30150  1713347315964  1713347326085
read      371.8   229.2   173.5   244.0   260.4   346.8   391.7   417.6   436.1   460.9   494.2   548.1   690.6  2092.3  9304.0  30155.4    30155  1713347327593  1713347337707
read      373.5   206.7   173.5   245.9   262.2   350.1   394.3   420.3   438.8   463.4   497.1   550.7   704.1  1885.4  8746.5  30009.9    30160  1713347339217  1713347349337
read      374.8   212.9   173.5   244.8   261.3   349.3   394.5   420.8   439.8   464.5   499.3   557.1   722.9  2287.2  8305.1  30157.1    30165  1713347350848  1713347360961
read      363.2   183.3   173.5   240.4   256.6   340.9   384.3   409.3   429.0   453.3   485.6   539.8   674.1  1771.4  8059.5  30113.5    30170  1713347362470  1713347372582
read      372.7   214.6   173.5   244.1   260.6   349.4   393.7   419.4   437.5   462.2   495.6   549.9   715.2  1821.6 10483.6  30156.7    30175  1713347374090  1713347384207
read      371.5   204.9   173.5   245.1   261.4   347.3   392.0   418.3   437.0   462.3   496.0   551.1   689.1  1801.2  8553.0  30101.2    30180  1713347385717  1713347395837
read      378.2   228.7   173.5   244.7   261.4   351.5   397.5   424.6   444.7   469.4   505.5   568.4   758.9  2363.0  9366.2  30181.0    30185  1713347397347  1713347407460
read      389.7   249.1   173.5   246.2   263.1   356.3   404.3   433.8   457.4   486.5   528.3   600.5   896.4  2534.3  9680.1  30262.9    30190  1713347408969  1713347419083
read      384.6   257.0   173.5   248.9   265.2   355.9   401.7   429.2   450.1   474.6   510.1   575.0   778.4  2752.1 11567.0  30213.0    30195  1713347420592  1713347430700
read      382.4   246.1   173.5   246.6   263.2   353.0   399.3   427.3   448.7   474.1   512.5   576.6   772.1  2542.4 10915.3  30117.8    30200  1713347432207  1713347442325
read      376.4   267.1   173.5   242.0   259.0   349.6   395.5   422.5   442.3   467.2   502.5   562.2   731.4  2455.5 12603.4  30245.0    30205  1713347443835  1713347453966
read      375.4   228.0   173.5   244.5   261.1   349.8   395.4   422.2   441.6   466.6   501.8   560.5   713.2  2057.0 10746.1  30190.9    30210  1713347455476  1713347465592
read      374.6   248.2   173.5   244.5   261.2   349.6   394.3   420.3   438.7   463.3   497.2   551.2   694.8  2346.1 12643.2  30285.0    30215  1713347467102  1713347477222
read      380.2   231.9   187.4   251.2   267.0   354.2   399.0   425.8   445.7   469.3   504.2   563.9   714.0  2266.4  8838.2  30250.5    30220  1713347478731  1713347488846
read      384.3   240.9   173.5   249.7   266.2   355.6   400.8   428.2   449.2   474.1   511.9   577.3   786.7  2316.3 10391.2  30146.7    30225  1713347490359  1713347500479
read      384.6   244.6   173.5   250.4   267.1   357.4   402.2   429.8   451.0   475.7   511.4   573.8   744.9  2497.6  8755.2  30348.3    30230  1713347501991  1713347512111
read      376.1   227.9   173.5   245.7   261.8   346.8   392.8   420.4   440.7   466.7   503.5   565.7   756.7  2508.1  9328.7  30171.6    30235  1713347513622  1713347523732
read      374.9   209.1   187.4   246.8   263.3   351.6   396.0   422.2   441.3   465.3   498.9   552.5   689.5  1835.5  8620.5  30086.5    30240  1713347525241  1713347535354
read      376.2   238.5   173.5   244.1   260.7   350.0   395.8   422.5   441.8   466.6   502.2   561.7   722.9  2270.3 12117.3  30338.6    30245  1713347536861  1713347546972
read      372.2   222.5   173.5   243.7   260.2   347.3   393.0   419.4   437.9   463.3   497.7   553.5   690.2  2007.1  8527.2  30252.5    30250  1713347548482  1713347558599
read      370.1   215.0   173.5   246.8   262.7   346.6   390.5   416.2   434.8   459.6   492.1   544.3   674.2  1825.1 10535.2  30214.8    30255  1713347560108  1713347570220
read      371.4   225.9   173.5   244.9   261.2   347.8   392.5   418.4   436.6   461.3   494.5   547.4   676.1  2037.8 10009.7  30281.3    30260  1713347571728  1713347581853
read      370.6   204.3   173.5   243.9   260.0   344.3   389.5   416.2   435.8   462.1   497.6   556.7   713.5  1868.4  8765.4  30191.4    30265  1713347583362  1713347593482
read      373.6   232.4   173.5   245.4   261.7   347.8   392.7   418.8   437.1   462.3   496.5   552.5   705.4  2184.1 10201.9  30268.9    30270  1713347594992  1713347605104
read      370.7   217.2   173.5   245.6   261.9   348.2   391.6   416.6   434.5   458.4   489.9   542.7   679.6  1677.2 10322.8  30234.4    30275  1713347606613  1713347616725
read      370.1   216.0   173.5   242.1   259.1   347.1   391.5   416.7   434.8   459.0   491.1   544.3   688.8  1978.7  8737.4  30354.6    30280  1713347618233  1713347628351
read      368.0   206.8   173.5   239.9   256.8   345.4   390.0   415.1   433.4   457.9   491.2   546.6   678.7  1708.4  8592.9  30273.7    30285  1713347629857  1713347639974
read      375.7   221.9   173.5   240.9   258.2   349.6   395.5   422.3   441.9   466.9   503.3   567.0   766.0  1996.0  8760.7  30224.9    30290  1713347641484  1713347651594
read      375.2   255.4   173.5   244.2   260.7   348.7   393.2   418.7   436.6   461.8   495.8   551.4   720.8  2661.3 10483.4  30190.8    30295  1713347653101  1713347663221
read      372.0   235.8   173.5   244.9   261.5   347.7   391.6   417.0   435.0   459.6   492.3   545.6   688.4  2139.8 10170.8  30324.5    30300  1713347664731  1713347674857
read      368.4   212.4   173.5   245.0   260.9   342.8   386.2   412.1   432.0   457.6   492.2   547.9   687.2  1828.6  8783.8  30220.3    30305  1713347676365  1713347686477
read      375.4   236.9   173.5   247.2   263.5   351.1   395.5   421.6   440.2   464.4   498.0   553.5   721.1  1721.8 12348.5  30185.9    30310  1713347687986  1713347698096
read      374.8   222.4   173.5   242.9   259.8   350.0   395.5   422.1   441.3   466.0   501.4   560.3   717.2  2109.4 10192.9  30474.8    30315  1713347699607  1713347709725
read      381.5   251.4   173.5   246.1   262.9   354.0   399.9   427.4   448.3   472.9   509.4   573.7   747.6  2454.4 11341.8  30271.8    30320  1713347711235  1713347721355
read      376.6   212.9   173.5   243.7   260.5   350.5   397.0   424.7   445.3   469.8   505.9   567.2   723.9  2362.9  8505.1  30322.3    30325  1713347722865  1713347732979
read      377.7   241.8   173.5   243.8   260.9   350.8   396.5   423.7   443.9   468.8   505.2   568.8   741.4  2012.6  9927.5  30285.7    30330  1713347734486  1713347744609
read      382.0   263.8   173.5   243.7   261.1   352.6   398.7   426.1   446.7   471.2   508.1   575.2   799.4  2482.2 11010.9  30303.9    30335  1713347746118  1713347756234
read      387.8   242.4   173.5   244.2   261.5   356.0   403.4   432.0   454.1   480.6   519.7   589.5   888.7  3095.0  8682.2  30319.1    30340  1713347757744  1713347767859
read      383.1   250.3   173.5   246.0   263.0   355.8   401.5   429.2   450.3   475.0   512.1   576.0   752.9  2456.0 10690.5  30332.8    30345  1713347769371  1713347779481
read      373.0   227.8   173.5   243.1   259.3   344.8   391.4   419.2   439.4   465.2   500.5   559.6   727.0  2569.5  9105.6  30376.5    30350  1713347780989  1713347791110
read      376.2   243.5   173.5   243.2   260.0   349.8   395.6   422.3   441.7   466.5   502.0   562.1   730.6  2211.7 11532.5  30370.6    30355  1713347792620  1713347802737
read      381.4   253.1   173.5   241.6   259.5   353.1   400.1   428.4   450.0   475.8   513.3   577.6   746.9  2889.6 10619.9  30316.3    30360  1713347804246  1713347814370
read      379.3   241.6   173.5   240.9   258.6   351.6   398.4   426.2   447.4   473.3   513.3   581.8   780.7  1808.1 10434.3  30336.9    30365  1713347815887  1713347826019
read      371.3   214.6   173.5   240.9   257.9   347.7   392.6   418.5   436.7   462.2   496.5   553.0   689.9  2288.7  9718.6  30332.7    30370  1713347827529  1713347837653
read      373.9   260.6   173.5   243.6   260.0   345.7   390.2   416.6   435.7   461.6   497.1   557.2   724.6  2926.4 12018.9  30437.7    30375  1713347839162  1713347849279
read      370.5   237.4   173.5   242.2   258.7   344.3   388.6   414.3   433.3   458.5   492.5   549.4   710.6  2333.9 10427.4  30299.0    30380  1713347850790  1713347860909
read      372.4   226.5   173.5   242.7   259.8   349.1   393.7   419.3   437.0   462.0   495.6   550.5   692.3  2022.9 10709.8  30431.4    30385  1713347862419  1713347872532
read      370.8   225.4   173.5   242.8   259.4   347.6   392.0   417.4   435.3   459.8   492.7   546.3   681.5  2157.2  9405.7  30374.5    30390  1713347874044  1713347884161
read      370.6   234.1   173.5   244.2   260.4   346.3   390.8   416.2   434.3   458.5   490.3   543.6   683.7  2300.9 11003.5  30425.3    30395  1713347885669  1713347895785
read      366.2   222.9   173.5   242.0   258.1   342.9   386.5   411.5   430.3   454.1   485.8   540.1   674.0  2150.5  9110.6  30356.2    30400  1713347897294  1713347907413
read      371.9   247.7   173.5   245.2   261.4   347.8   392.0   417.3   435.3   459.1   490.6   543.1   684.9  2212.5 12160.0  30370.0    30405  1713347908924  1713347919040
read      366.9   212.8   173.5   243.2   259.5   345.6   389.3   413.9   432.1   455.5   486.5   539.5   657.3  1617.3 10466.9  30391.6    30410  1713347920549  1713347930667
read      375.8   233.9   173.5   246.9   263.4   351.5   394.8   420.1   437.6   461.6   494.0   548.5   704.5  2343.6  9251.9  30466.3    30415  1713347932175  1713347942289
read      367.0   224.5   173.5   239.4   256.3   345.1   389.5   414.9   433.1   457.2   489.6   544.1   677.2  1686.8  9719.9  30403.8    30420  1713347943799  1713347953911
read      371.5   227.7   173.5   242.1   258.5   346.6   391.6   417.2   435.4   460.2   493.5   547.9   702.9  2381.1  9111.4  30346.8    30425  1713347955418  1713347965535
read      368.1   218.6   160.7   242.6   259.2   345.8   389.6   414.6   433.0   457.1   489.7   544.6   672.6  1531.0 10773.8  30460.1    30430  1713347967044  1713347977162
read      368.9   230.8   173.5   243.7   259.9   345.4   388.7   413.4   431.6   455.3   486.7   540.8   682.6  2210.7 10759.2  30445.3    30435  1713347978671  1713347988785
read      369.3   225.4   173.5   243.1   259.5   345.1   389.1   414.6   433.4   458.0   491.1   545.9   690.3  1913.2 10938.7  30475.6    30440  1713347990294  1713348000422
read      393.6   297.1   173.5   240.2   257.8   356.4   405.2   434.5   458.1   488.2   532.9   616.3  1008.5  3540.7 12074.2  30556.2    30445  1713348001930  1713348012048
read      380.6   219.9   173.5   243.0   260.2   352.7   399.5   427.2   448.4   473.8   512.2   580.3   801.4  1988.7  9148.2  30419.6    30450  1713348013559  1713348023675
read      376.0   245.7   173.5   241.9   258.8   347.2   394.6   422.6   443.4   469.3   506.4   571.5   763.5  1884.4 11001.7  30436.2    30455  1713348025185  1713348035310
read      380.6   247.5   173.5   242.7   259.8   351.9   398.7   426.5   447.5   472.1   509.3   576.5   782.7  2668.7 10786.6  30445.9    30460  1713348036819  1713348046935
read      379.4   290.4   173.5   245.4   261.9   349.6   395.1   422.6   443.0   468.2   504.6   568.6   743.4  2921.9 15107.5  30506.9    30465  1713348048444  1713348058564
read      380.5   259.5   173.5   246.4   262.8   351.7   397.6   425.2   445.9   470.6   507.2   570.9   748.0  2314.8 12326.1  30547.7    30470  1713348060076  1713348070192
read      379.4   211.7   173.5   244.6   261.4   352.3   398.8   426.7   447.8   472.3   509.4   576.0   772.3  2116.5  8381.9  30390.5    30475  1713348071703  1713348081821
read      380.2   268.9   173.5   244.1   261.1   350.4   396.8   425.0   446.2   471.4   508.7   574.1   773.9  2732.0 11699.3  30466.4    30480  1713348083330  1713348093449
read      379.2   245.7   173.5   245.6   262.4   352.5   398.0   425.2   445.4   469.8   505.4   567.2   740.1  2373.5 10154.1  30432.4    30485  1713348094957  1713348105071
read      379.2   225.0   173.5   248.1   264.4   353.3   398.1   424.8   444.6   468.7   503.9   564.6   739.6  2191.7  9147.7  30440.0    30490  1713348106578  1713348116697
read      383.5   229.8   173.5   249.8   266.7   357.6   402.5   429.6   450.3   474.6   510.2   573.0   743.3  2208.9 10983.0  30539.6    30495  1713348118226  1713348128349
read      384.0   258.2   173.5   248.7   265.3   354.1   399.8   427.7   449.0   474.1   511.0   577.7   788.7  2405.7 12253.1  30463.7    30500  1713348129858  1713348139977
