#type       avg     std     min      p5     p10     p50     p67     p75     p80     p85     p90     p95     p99    p999   p9999      QPS   target       ts_start         ts_end
read      378.1   216.2   173.5   246.7   262.7   350.0   396.8   425.1   446.5   471.9   508.8   568.4   728.4  2243.3  9140.8  30012.0    30000  1713345786842  1713345797008
read      373.9   251.3   173.5   244.0   260.2   346.9   392.8   420.1   440.3   466.9   502.9   557.7   683.9  2460.6 11837.1  29964.3    30005  1713345798517  1713345808658
read      372.8   235.8   173.5   245.2   261.2   345.6   390.7   417.9   437.8   464.4   499.8   553.0   707.2  2457.2  8674.5  29956.7    30010  1713345810168  1713345820281
read      373.5   251.4   173.5   245.0   261.4   346.2   391.2   417.9   437.2   464.0   499.9   553.8   689.6  2139.8 10737.7  30045.0    30015  1713345821791  1713345831913
read      371.3   217.1   173.5   245.4   261.7   346.6   391.4   418.1   437.4   463.9   498.4   549.1   669.0  2156.6 10057.4  30029.9    30020  1713345833423  1713345843536
read      382.1   240.7   173.5   246.0   262.6   353.1   400.3   429.3   452.0   479.4   517.0   577.6   757.3  2411.0 11257.0  29962.7    30025  1713345845044  1713345855155
read      377.8   694.8   173.5   244.7   261.2   349.5   395.4   423.0   443.8   469.7   505.7   561.5   693.1  2131.8 10731.4  30000.6    30030  1713345856662  1713345866776
read      376.3   253.0   173.5   244.2   260.5   347.5   394.3   422.9   444.5   471.0   508.6   567.0   712.3  2562.1 11734.6  30026.9    30035  1713345868285  1713345878396
read      375.5   267.3   173.5   245.4   261.7   348.1   393.4   420.4   440.2   466.1   501.2   553.6   685.6  2840.4 12420.6  30105.7    30040  1713345879904  1713345890017
read      376.7   253.7   173.5   248.5   264.3   350.2   395.0   422.0   442.0   467.9   503.6   558.1   692.7  1929.9 12804.1  30050.7    30045  1713345891524  1713345901641
read      382.5   228.8   173.5   247.2   263.5   352.8   399.7   428.8   451.3   478.5   516.6   577.8   796.5  2126.6 10254.0  29989.0    30050  1713345903149  1713345913264
read      380.7   237.7   173.5   244.2   260.6   350.1   398.1   427.8   451.1   479.8   518.7   578.9   768.9  2709.2  9493.2  30003.2    30055  1713345914775  1713345924892
read      397.1   275.8   173.5   249.3   265.8   361.2   412.5   444.4   468.9   500.4   541.4   609.9   871.7  2980.2 11395.8  29907.6    30060  1713345926404  1713345936519
read      412.8   372.8   173.5   251.6   268.7   367.1   419.1   451.6   476.2   508.2   551.6   636.3  1086.9  5071.7 15662.1  30137.4    30065  1713345938028  1713345948152
read      425.9   528.3   173.5   254.4   270.8   368.9   422.0   454.3   478.1   507.4   546.5   614.8  1010.3  8940.8 16790.6  30000.9    30070  1713345949661  1713345959772
read      387.1   355.8   173.5   244.8   260.5   346.9   394.9   424.7   447.7   475.7   514.2   574.9   787.1  6773.5 12447.7  30082.3    30075  1713345961284  1713345971412
read      397.8   424.7   173.5   247.9   263.5   350.0   398.0   428.0   451.6   480.3   519.5   584.5   959.2  6877.5 15902.4  30136.5    30080  1713345972921  1713345983035
read      380.2   304.7   187.4   247.5   262.5   345.4   390.7   418.4   439.1   466.8   503.5   560.8   757.4  4199.5 12409.4  30058.6    30085  1713345984547  1713345994663
read      395.5   328.8   173.5   247.4   263.5   356.8   406.4   436.8   461.1   490.2   528.6   589.6   884.7  5689.7 12171.6  30113.0    30090  1713345996173  1713346006289
read      379.2   351.5   173.5   243.1   258.6   341.0   386.7   414.8   436.1   464.5   501.3   559.4   742.5  5716.9 12823.8  30057.6    30095  1713346007797  1713346017916
read      389.0   347.4   173.5   246.2   261.8   348.3   396.3   426.1   449.6   478.4   517.3   579.9   850.7  5540.1 12785.3  30091.5    30100  1713346019426  1713346029531
read      392.3   360.5   173.5   248.9   264.7   355.4   403.3   432.7   455.2   481.8   517.8   575.5   767.3  5274.0 15565.2  30040.0    30105  1713346031040  1713346041154
read      401.3   458.3   173.5   250.1   265.9   352.6   399.0   428.8   452.3   481.2   521.2   588.2   979.2  7673.0 18245.9  30245.4    30110  1713346042664  1713346052782
read      380.2   252.6   173.5   247.4   263.4   350.5   397.2   425.7   447.5   473.8   511.1   571.0   738.0  2294.4 11503.9  30109.9    30115  1713346054289  1713346064407
read      377.0   237.5   173.5   244.9   260.6   345.8   393.3   422.8   445.4   472.9   510.9   570.8   747.7  2565.8  9173.2  30100.0    30120  1713346065916  1713346076030
read      370.8   232.3   173.5   242.3   258.3   342.0   389.0   417.9   439.6   467.8   504.9   561.4   702.0  1877.0 12026.5  30084.6    30125  1713346077539  1713346087655
read      377.1   234.8   173.5   246.7   262.8   349.4   396.4   425.0   446.8   473.0   508.9   566.4   705.9  1959.3 11697.5  30181.0    30130  1713346089163  1713346099283
read      376.9   235.1   173.5   242.9   259.5   348.4   395.8   424.8   447.0   474.1   510.9   568.9   727.8  2423.4  9867.1  30048.4    30135  1713346100792  1713346110914
read      396.2   285.5   173.5   248.5   265.3   360.2   409.9   441.1   464.9   495.0   535.1   600.5   867.8  4097.3 12334.1  30121.2    30140  1713346112421  1713346122535
read      400.3   414.3   173.5   249.9   266.1   359.9   408.3   437.4   461.1   489.7   527.9   589.6   817.8  7379.4 15261.0  30048.6    30145  1713346124044  1713346134164
read      396.0   511.8   173.5   246.9   262.4   347.4   393.5   421.8   443.2   469.6   506.4   565.9   795.0  8359.7 20129.3  30172.4    30150  1713346135675  1713346145788
read      373.8   335.3   173.5   245.3   260.2   336.9   378.4   404.3   426.0   451.9   486.3   541.0   732.6  4857.2 13131.9  30163.5    30155  1713346147297  1713346157410
read      385.0   335.6   173.5   243.6   259.6   347.1   394.7   423.4   445.1   471.2   508.0   566.3   779.8  5512.8 12241.2  30155.0    30160  1713346158918  1713346169031
read      381.0   344.6   173.5   241.9   257.8   345.4   392.2   420.5   441.8   468.7   504.9   560.1   731.1  5080.4 14186.8  30147.9    30165  1713346170541  1713346180659
read      384.5   323.1   173.5   245.4   261.5   353.0   400.6   429.1   450.9   476.4   510.9   566.2   720.3  4400.9 12380.0  30161.0    30170  1713346182168  1713346192279
read      379.0   385.7   173.5   240.9   256.6   341.2   387.2   415.0   435.8   463.8   500.7   561.1   818.1  4781.1 16262.6  30038.0    30175  1713346193790  1713346203912
read      386.8   379.7   173.5   241.7   257.4   343.2   390.5   419.9   442.7   471.8   511.8   578.7  1003.6  4812.1 15175.1  30086.5    30180  1713346205421  1713346215540
read      392.3   364.3   173.5   243.8   260.3   353.9   402.4   431.8   455.4   483.9   520.8   577.5   771.1  6612.1 12473.0  30165.2    30185  1713346217050  1713346227165
read      404.1   383.7   173.5   246.2   263.1   360.2   411.2   442.4   466.4   497.2   537.7   602.6   909.8  7135.4 12639.5  30198.1    30190  1713346228676  1713346238791
read      370.2   197.0   173.5   243.0   259.1   343.2   389.3   417.5   438.6   466.7   504.4   561.5   694.5  1670.8  8232.2  30141.4    30195  1713346240301  1713346250411
read      381.3   249.3   187.4   248.5   264.7   352.2   398.7   427.6   450.3   478.2   516.8   575.7   730.0  2174.2 11211.1  30288.5    30200  1713346251919  1713346262036
read      382.4   236.2   173.5   249.2   265.5   354.1   400.3   429.0   451.4   478.5   515.6   573.2   723.5  2429.7 10464.8  30192.2    30205  1713346263544  1713346273658
read      373.3   207.3   173.5   243.2   259.5   346.6   394.4   423.3   444.9   470.9   506.9   561.5   687.7  2201.9  8324.0  30161.1    30210  1713346275168  1713346285282
read      385.7   248.8   173.5   250.2   266.0   355.3   402.0   431.4   454.7   482.9   521.0   579.4   743.8  3085.2  9081.5  30273.5    30215  1713346286793  1713346296906
read      382.9   252.5   173.5   248.6   264.8   353.6   400.5   429.8   452.5   479.6   517.3   576.8   749.8  2161.7 10093.7  30146.6    30220  1713346298423  1713346308541
read      378.8   233.5   173.5   245.8   262.1   350.4   397.7   426.8   449.2   476.2   513.8   572.7   727.4  2126.3  9900.3  30321.7    30225  1713346310051  1713346320170
read      380.0   231.0   187.4   247.9   263.9   352.4   399.2   428.2   450.5   477.1   513.4   572.6   725.5  1809.7 10433.1  30146.2    30230  1713346321680  1713346331795
read      379.0   251.2   173.5   244.7   261.4   351.0   397.7   425.7   446.8   471.7   507.9   567.2   726.5  2432.9 12072.0  30286.6    30235  1713346333306  1713346343419
read      375.0   245.9   173.5   245.2   261.4   346.6   393.2   421.7   443.0   469.3   505.3   562.2   704.2  2163.3 11011.4  30226.0    30240  1713346344931  1713346355044
read      373.9   243.0   173.5   245.9   261.8   345.7   391.0   418.3   438.3   465.0   500.7   555.8   696.7  2745.3 10876.1  30163.3    30245  1713346356553  1713346366664
read      378.4   233.2   173.5   249.2   265.1   352.3   397.9   425.5   446.2   470.9   507.1   564.8   704.4  1847.2 10692.5  30320.9    30250  1713346368172  1713346378284
read      378.5   208.1   173.5   246.6   263.0   352.1   398.5   427.2   449.1   475.2   512.3   570.9   720.4  2085.9  8055.3  30286.1    30255  1713346379794  1713346389903
read      368.8   226.9   173.5   245.1   261.2   345.0   388.5   413.8   432.6   457.3   489.8   541.0   665.0  1875.9  9466.1  30272.6    30260  1713346391412  1713346401529
read      371.8   233.8   173.5   245.2   261.1   345.5   391.0   418.4   438.4   465.0   500.4   552.8   679.3  2066.4 11019.1  30264.2    30265  1713346403038  1713346413149
read      378.2   262.0   173.5   245.9   262.2   350.0   396.0   424.0   445.4   471.1   508.4   567.0   708.7  2425.1 13364.2  30264.3    30270  1713346414656  1713346424770
read      379.6   228.1   173.5   247.7   263.5   350.5   396.4   424.2   445.3   470.8   507.8   568.7   763.8  2516.8  8779.9  30222.4    30275  1713346426278  1713346436391
read      378.4   254.3   173.5   247.0   263.1   349.9   395.1   422.1   442.2   468.2   504.5   561.3   713.5  3508.8  9885.8  30351.5    30280  1713346437900  1713346448015
read      372.1   205.4   173.5   247.4   263.2   347.9   392.3   418.5   437.3   463.2   498.0   550.5   687.2  1760.0  8758.8  30241.8    30285  1713346449524  1713346459639
read      377.0   255.9   173.5   245.7   262.0   349.0   394.0   421.0   441.2   467.6   504.0   559.5   712.0  3024.0 10936.9  30330.1    30290  1713346461147  1713346471262
read      373.6   214.6   173.5   245.2   261.5   349.2   394.6   421.3   441.0   466.8   502.6   556.8   689.7  1687.8  9287.1  30293.5    30295  1713346472769  1713346482888
read      369.7   195.0   173.5   245.2   260.9   344.0   389.4   416.8   436.9   464.2   499.8   551.9   681.1  1809.4  8420.6  30245.2    30300  1713346484396  1713346494509
read      374.8   232.7   173.5   245.0   261.3   349.2   395.0   422.3   442.5   468.3   504.3   558.6   691.6  1847.7 11935.4  30347.0    30305  1713346496020  1713346506132
read      379.1   228.3   173.5   246.9   263.2   351.6   397.5   425.2   446.2   471.7   509.4   570.0   737.1  2362.7 10327.0  30188.2    30310  1713346507640  1713346517753
read      378.0   232.8   173.5   245.5   261.8   350.7   397.3   425.4   446.9   473.2   510.3   568.6   719.8  2339.9  9594.1  30205.6    30315  1713346519260  1713346529374
read      376.1   231.4   173.5   247.0   263.0   349.0   394.9   422.4   442.9   468.6   505.6   564.2   723.0  1866.9 12307.1  30362.8    30320  1713346530886  1713346541008
read      376.5   281.2   173.5   245.1   261.4   348.9   394.5   421.4   441.1   466.9   502.4   557.8   703.0  2579.6 12468.3  30338.7    30325  1713346542516  1713346552635
read      373.6   212.4   173.5   245.7   261.8   349.3   394.7   421.8   442.0   468.0   503.8   557.5   681.2  1781.1  9757.8  30304.1    30330  1713346554145  1713346564265
read      379.5   238.4   187.4   249.2   265.1   349.8   396.0   425.0   447.3   474.3   513.1   572.1   716.4  2380.5 10488.2  30271.7    30335  1713346565772  1713346575891
read      378.8   225.2   173.5   247.8   264.3   352.4   398.2   425.6   446.2   470.9   506.9   564.5   708.3  2457.0  9164.7  30273.0    30340  1713346577399  1713346587522
read      369.8   189.1   173.5   246.9   262.7   346.7   390.8   416.5   435.2   460.6   494.6   547.1   673.2  1648.5  8028.7  30297.1    30345  1713346589031  1713346599151
read      372.4   217.9   173.5   244.7   260.9   347.4   392.1   418.2   436.7   462.3   497.0   550.4   703.0  2014.9  8511.4  30422.1    30350  1713346600660  1713346610782
read      369.1   233.6   173.5   243.8   259.6   343.1   387.4   413.8   433.5   459.6   494.7   548.1   677.8  2212.4 11862.1  30328.3    30355  1713346612291  1713346622406
read      376.2   221.1   173.5   245.6   261.9   349.2   394.6   421.7   441.6   467.6   504.2   562.6   731.7  2330.6  8651.7  30321.0    30360  1713346623913  1713346634035
read      374.0   263.0   173.5   244.5   260.5   346.0   391.5   418.2   437.2   463.6   499.1   552.5   704.1  2587.0 11668.9  30293.1    30365  1713346635544  1713346645662
read      372.6   230.2   173.5   243.2   259.5   347.0   391.8   418.1   436.8   463.2   499.0   556.3   707.1  2144.0 10072.7  30424.0    30370  1713346647171  1713346657282
read      369.9   222.5   173.5   242.9   259.0   343.9   389.2   415.6   435.0   461.0   495.3   548.3   700.8  1991.7  9776.2  30394.7    30375  1713346658791  1713346668907
read      373.5   240.9   173.5   244.3   260.6   347.6   392.7   419.1   437.9   463.8   498.6   551.3   684.3  2770.5  9113.2  30408.5    30380  1713346670416  1713346680530
read      374.3   227.7   173.5   244.5   260.9   348.4   394.1   420.8   440.2   465.9   502.3   560.4   713.6  1935.1 10385.3  30355.0    30385  1713346682038  1713346692154
read      374.6   226.4   187.4   245.4   261.5   347.9   393.3   420.0   439.1   464.7   499.9   557.2   735.6  2026.6  8903.6  30355.4    30390  1713346693662  1713346703776
read      369.5   229.1   173.5   243.1   259.3   345.2   389.4   414.9   433.6   459.0   493.1   545.9   681.8  1999.5 10525.6  30338.1    30395  1713346705285  1713346715405
read      365.2   214.6   173.5   243.2   259.0   341.0   384.7   410.6   430.4   455.2   487.9   540.2   664.3  1737.4  9437.5  30398.2    30400  1713346716913  1713346727026
read      373.5   243.8   173.5   244.0   260.2   346.4   391.5   417.9   436.8   462.9   497.9   552.9   717.1  2291.7 12367.0  30457.7    30405  1713346728534  1713346738650
read      379.0   256.8   173.5   246.4   262.6   350.8   396.6   424.0   444.5   469.7   506.2   567.3   734.9  2303.5 12358.0  30498.3    30410  1713346740160  1713346750276
read      370.7   227.4   173.5   241.9   258.4   345.7   390.9   417.1   435.9   461.8   497.2   554.2   697.3  1817.9 10339.4  30473.5    30415  1713346751784  1713346761897
read      368.6   235.3   173.5   241.8   258.4   344.5   389.0   414.6   433.6   458.6   492.4   545.5   671.5  2054.1 10883.6  30387.3    30420  1713346763406  1713346773527
read      368.9   220.3   173.5   243.4   259.6   345.3   389.6   414.9   433.7   458.5   491.9   545.8   680.4  1920.2  9794.7  30413.9    30425  1713346775034  1713346785149
read      369.4   257.0   173.5   243.7   259.5   339.9   383.5   410.1   430.7   456.7   492.2   550.2   714.3  2674.0 12453.3  30317.9    30430  1713346786656  1713346796768
read      376.4   265.0   173.5   243.6   260.0   347.4   393.9   421.4   441.8   468.0   505.0   565.0   741.0  2221.4 12617.4  30430.8    30435  1713346798276  1713346808390
read      375.8   245.6   173.5   243.3   259.7   348.3   395.1   422.9   443.6   469.6   507.3   568.7   725.2  2137.8 12111.0  30412.5    30440  1713346809899  1713346820013
read      379.4   326.8   173.5   246.7   263.0   351.2   396.4   423.3   443.0   467.8   503.9   563.8   738.3  2745.2 11333.0  30413.5    30445  1713346821521  1713346831642
read      376.0   202.6   173.5   244.6   261.1   350.4   396.5   423.8   444.3   470.0   507.4   568.3   722.2  1833.4  8262.4  30539.4    30450  1713346833151  1713346843269
read      376.3   215.7   173.5   245.1   261.8   350.7   396.6   423.8   444.1   469.3   506.0   565.7   724.6  1961.4  8768.6  30398.9    30455  1713346844779  1713346854897
read      372.5   212.9   173.5   244.1   260.3   347.6   392.9   419.5   438.7   464.9   500.3   554.9   692.4  1923.0  8876.7  30508.6    30460  1713346856408  1713346866523
read      379.4   226.6   173.5   247.8   264.1   352.1   397.1   423.8   443.5   468.1   504.4   565.5   747.8  2423.8  9451.0  30483.8    30465  1713346868033  1713346878146
read      379.8   275.4   173.5   246.6   263.4   351.8   396.9   423.9   443.9   468.7   504.7   564.4   722.4  2666.4 13725.4  30515.7    30470  1713346879654  1713346889776
read      372.0   241.7   173.5   245.0   261.3   346.7   391.1   417.1   435.6   460.8   495.2   550.1   685.7  1915.6 12022.1  30473.2    30475  1713346891286  1713346901406
read      371.8   234.7   173.5   246.3   262.4   347.5   391.5   417.3   435.9   460.9   494.3   546.8   673.1  2159.8 10179.3  30387.9    30480  1713346902916  1713346913034
read      373.2   221.0   173.5   244.2   261.0   349.4   394.2   420.7   439.7   464.9   499.7   554.8   687.1  1740.5 10667.3  30464.5    30485  1713346914544  1713346924667
read      368.5   223.6   160.7   241.1   257.4   341.7   386.7   413.4   433.4   459.6   495.0   550.3   700.3  2332.8  9337.1  30556.6    30490  1713346926175  1713346936290
read      375.7   218.0   173.5   245.9   262.1   349.2   394.3   420.7   439.6   464.8   499.6   558.1   731.0  2579.7  8310.3  30532.4    30495  1713346937797  1713346947918
read      377.1   233.0   173.5   247.6   263.6   349.9   395.0   421.7   441.3   466.6   502.8   563.1   728.2  2246.0 10315.1  30470.2    30500  1713346949428  1713346959545
