Random waveform, supplied seed
Total number of intervals = 90 (7434, 67201, 85927, 63953, 31595, 87879, 7287, 62295, 6561, 22532, 60653, 59076, 60154, 22964, 8172, 27652, 37594, 24367, 33771, 84944, 85666, 51918, 34406, 28664, 38289, 20658, 13840, 93419, 98284, 71313, 42089, 46458, 30755, 42889, 93552, 65694, 29574, 51355, 67361, 16287, 81508, 87619, 99068, 51267, 11822, 97494, 97350, 55460, 85984, 82043, 52873, 13911, 49984, 9274, 27187, 18735, 86505, 93039, 75999, 32324, 84255, 81759, 37291, 53818, 30297, 31569, 38927, 10652, 98119, 48176, 34929, 69735, 20753, 84642, 42333, 61587, 77998, 97625, 23781, 66723, 31016, 47394, 95335, 5252, 65908, 16889, 42912, 99898, 26385, 22616)
Average QPS expected = 51583
Timestamp start: 1714932442139
Timestamp end: 1714933342624

#type       avg     std     min      p5     p10     p50     p67     p75     p80     p85     p90     p95     p99    p999   p9999      QPS   target
read      378.6   421.5   173.5   224.8   241.2   358.6   392.8   410.4   423.5   436.5   458.1   491.3   635.6  6257.0 16155.0   7382.5     7434
read      372.8   221.3   148.8   210.4   223.9   335.4   405.1   445.1   474.6   511.5   558.5   629.4   817.1  2332.8  6907.4  66956.2    67201
read      396.7   489.6   148.8   213.1   227.4   340.1   402.7   440.0   468.7   504.3   551.7   635.4  1470.4  6139.4 20287.6  85994.3    85927
read      413.7   559.5   160.7   210.3   223.8   338.3   409.7   454.1   489.0   532.6   589.5   686.4  1649.3  8204.7 27383.3  63940.4    63953
read      535.0  1056.2   148.8   206.9   220.4   367.7   488.6   555.8   607.3   681.1   801.1  1007.9  4191.1 10124.9 35756.2  31619.3    31595
read      436.9   640.2   160.7   213.0   227.5   351.7   417.0   456.0   487.1   527.3   585.8   726.5  1916.1  8051.2 30794.2  87830.3    87879
read      427.6   947.6   173.5   224.1   241.7   363.3   400.8   421.7   435.3   454.4   476.4   518.8  1940.1 10965.8 38235.6   7309.5     7287
read      380.1   252.9   160.7   211.1   224.5   340.4   413.4   455.2   486.6   524.4   572.2   640.8   856.6  2507.9  8271.3  62376.6    62295
read      377.3   447.6   173.5   229.2   248.6   357.3   390.2   406.6   420.2   433.8   454.6   485.7   632.1  5409.0 18129.1   6603.6     6561
read      392.1   263.4   148.8   212.9   226.4   365.3   454.0   492.6   516.9   542.2   573.4   618.1   735.5  2452.0 11518.1  22497.8    22532
read      399.2   360.9   160.7   212.5   225.8   345.1   418.8   462.3   496.8   538.4   591.7   678.1  1343.4  3962.4 10729.9  60674.2    60653
read      410.7   384.2   160.7   213.8   227.1   351.0   426.3   471.3   506.9   550.2   608.5   700.1  1493.3  4189.4 12358.4  59148.4    59076
read      409.6   395.7   160.7   213.2   226.6   349.6   424.5   469.0   504.7   548.3   606.2   697.1  1472.3  4379.0 12699.4  60011.7    60154
read      455.8   618.0   160.7   211.6   225.4   383.3   484.6   531.2   562.6   600.7   665.6   817.8  1678.3  6407.5 31210.2  22908.7    22964
read      473.8  1116.0   160.7   223.3   240.6   374.6   419.9   445.1   463.9   488.2   521.7   589.3  3356.0 18410.7 37108.8   8122.6     8172
read      451.0   553.2   160.7   211.4   225.0   365.6   471.1   525.5   561.6   605.6   681.4   868.4  1451.3  5959.7 29087.9  27525.5    27652
read      412.4   349.7   160.7   213.2   226.7   355.3   444.7   499.9   538.2   579.1   626.6   700.4  1266.8  3758.7 13266.2  37660.9    37594
read      458.0   607.9   160.7   212.4   226.0   379.2   484.0   532.5   566.0   607.4   677.3   837.8  1472.5  6165.2 30245.4  24350.8    24367
read      415.5   350.6   160.7   212.4   225.8   357.2   449.1   502.9   538.4   577.0   624.2   705.7  1276.8  3821.9 11465.8  33694.9    33771
read      372.8   264.7   160.7   212.6   226.1   335.2   398.6   435.5   464.2   498.7   543.1   618.0   857.4  3133.2  8319.9  84951.8    84944
read      416.9   466.7   160.7   216.4   230.6   351.9   418.9   459.1   490.3   529.4   584.1   686.6  1783.6  5729.7 15747.6  85637.2    85666
read      423.4   483.4   148.8   214.4   227.7   353.2   431.8   479.6   516.6   560.8   617.8   716.6  1613.1  6733.1 19019.0  51890.9    51918
read      403.0   369.8   160.7   210.4   223.9   347.7   439.5   492.5   526.4   561.9   603.8   671.6  1085.0  4135.4 12612.2  34491.2    34406
read      546.6  1219.3   160.7   210.5   224.2   373.1   486.7   545.6   588.8   648.3   763.9  1001.7  4720.4 14575.6 36806.1  28707.0    28664
read      436.9   682.9   160.7   210.5   223.8   348.4   439.1   495.0   533.4   575.8   627.4   727.6  1616.1  8003.1 32250.1  38275.8    38289
read      619.7  1636.7   160.7   211.0   225.1   405.7   502.7   553.0   593.8   652.1   740.7   929.3  7008.7 30358.0 41208.2  20710.7    20658
read      718.6  2125.9   160.7   214.6   229.8   408.3   483.2   527.3   562.7   610.2   678.3   902.7  8484.3 32314.5 40869.6  13836.4    13840
read      422.2   635.6   160.7   217.6   231.9   354.3   419.7   458.3   488.4   527.0   580.6   677.2  1595.9  8462.6 30915.2  93456.7    93419
read      405.1   554.8   160.7   217.8   232.1   348.9   411.3   448.9   477.3   513.5   563.7   648.1  1131.2  6441.8 30182.9  98056.8    98284
read      428.5   625.2   160.7   213.2   226.9   346.6   417.8   461.5   495.9   539.2   599.8   716.7  1853.8  7517.5 30418.4  71207.8    71313
read      422.6   563.5   160.7   211.5   224.8   348.8   433.0   486.6   525.8   570.4   624.6   707.5  1507.4  6604.2 30021.0  41885.0    42089
read      427.8   575.9   160.7   211.6   224.8   349.0   432.9   487.1   528.4   576.8   634.2   728.8  1576.6  6763.7 29882.1  46461.6    46458
read      529.9  1158.5   160.7   210.3   224.1   366.0   474.1   535.7   579.2   631.9   725.5   967.8  4157.1 16111.7 36719.4  30723.2    30755
read      427.1   588.9   160.7   213.1   226.5   348.9   433.5   488.4   529.2   575.5   630.0   718.3  1492.5  7586.7 31010.7  42961.8    42889
read      410.9   629.4   160.7   215.9   230.1   346.5   409.4   447.2   475.7   512.4   563.2   647.5  1345.3  8217.2 31243.5  93601.3    93552
read      420.3   490.5   160.7   212.8   226.2   343.8   416.8   462.0   498.7   545.2   610.9   728.5  1747.0  5833.8 19327.6  65694.8    65694
read      548.6  1256.7   160.7   209.8   223.4   367.6   475.3   536.9   580.0   635.0   748.4  1008.2  5431.7 18280.0 37027.3  29645.1    29574
read      458.3   692.2   160.7   213.5   227.2   355.5   439.3   496.4   541.3   595.0   666.4   851.3  1923.7  8342.1 30884.4  51351.4    51355
read      432.3   643.4   160.7   213.2   226.7   346.1   418.4   463.5   500.9   548.1   613.4   730.6  1843.4  7662.8 30745.3  67350.2    67361
read      675.8  1928.7   160.7   211.3   225.3   409.2   495.7   545.6   585.3   637.4   713.8   862.1  8016.6 31465.3 44205.5  16251.3    16287
read      436.3   738.7   148.8   213.8   227.7   348.2   416.1   458.3   492.0   534.9   593.5   714.3  1867.0  8665.0 32043.2  81381.8    81508
read      421.2   646.1   148.8   214.9   229.2   348.5   414.1   455.1   488.0   530.0   587.2   691.8  1639.3  8349.9 30690.1  87722.4    87619
read      394.5   441.9   160.7   216.2   230.5   342.8   402.3   439.1   468.2   505.0   554.2   636.7  1228.1  5725.4 15582.2  98983.8    99068
read      416.4   453.0   160.7   210.1   223.3   341.4   424.5   480.7   524.5   573.3   631.3   730.8  1533.8  5276.0 13712.1  51293.1    51267
read      744.9  2236.9   160.7   212.2   227.8   402.6   478.7   524.8   558.7   599.9   658.3   997.3  8326.5 32263.1 39883.2  11886.8    11822
read      415.6   657.8   160.7   215.5   229.9   348.0   410.2   448.5   477.8   514.8   564.8   647.9  1525.2  8604.8 31017.2  97293.1    97494
read      393.2   490.8   160.7   213.8   228.0   339.1   399.5   437.4   467.9   506.1   556.8   638.3  1031.0  6333.0 25301.9  97351.4    97350
read      412.9   547.9   160.7   209.9   223.1   337.8   416.2   468.3   509.2   556.4   613.4   701.1  1513.0  6152.1 28857.6  55401.1    55460
read      422.8   641.1   160.7   213.0   227.1   344.2   409.5   449.9   481.8   523.3   580.2   687.4  1730.5  8257.0 30836.9  85924.9    85984
read      421.5   649.4   160.7   212.1   226.0   341.1   406.4   447.5   480.2   522.4   579.5   685.4  1750.8  7831.8 30572.1  82032.4    82043
read      424.8   617.2   160.7   210.0   223.3   340.3   422.8   476.9   519.7   567.0   622.9   712.9  1686.4  7454.2 30987.5  52790.7    52873
read      695.5  2039.3   160.7   210.5   225.3   411.1   490.4   537.6   574.6   620.5   680.5   839.8  7733.5 31953.0 45616.5  13909.3    13911
read      427.7   601.5   148.8   209.8   223.1   340.3   423.6   480.5   523.8   570.6   625.9   727.9  1652.3  7709.9 30591.8  49886.6    49984
read      786.2  2465.0   160.7   214.9   231.3   400.2   465.3   503.1   532.0   566.7   616.7  1607.6  9038.7 35245.9 44093.3   9284.8     9274
read      601.7  1550.1   160.7   208.3   221.6   380.2   494.3   548.9   588.7   645.7   766.0  1003.9  6904.8 29995.7 39633.0  27196.0    27187
read      670.5  1839.7   160.7   209.6   223.5   416.8   504.1   554.3   597.9   659.2   738.5   912.9  7600.7 31402.3 38455.6  18775.4    18735
read      437.6   724.3   160.7   213.5   227.9   350.7   416.2   456.0   488.1   529.2   586.4   705.2  1828.9 10001.4 31156.3  86473.2    86505
read      421.9   727.0   160.7   214.6   228.8   348.1   412.0   450.1   479.4   516.4   568.0   660.7  1660.4  9071.4 31814.4  92982.8    93039
read      413.5   605.6   160.7   211.3   224.8   337.4   404.9   446.9   479.4   521.1   577.3   677.5  1712.8  7596.8 30264.8  75953.5    75999
read      523.7  1028.5   160.7   207.7   220.8   363.9   486.4   550.9   598.2   666.1   801.7  1021.9  3588.5 12651.6 33679.4  32336.3    32324
read      423.8   666.6   160.7   213.1   227.0   345.4   411.2   451.2   482.1   521.8   576.6   679.3  1757.0  8626.2 31511.7  84260.9    84255
read      435.3   714.4   148.8   212.8   226.9   348.7   415.0   455.2   487.6   529.8   589.3   716.7  1793.6 10472.5 31461.9  81749.0    81759
read      417.9   455.7   160.7   208.9   222.1   341.9   445.5   504.4   542.7   583.7   632.2   713.5  1445.0  4782.4 18147.1  37363.2    37291
read      418.5   542.8   160.7   210.6   223.8   338.1   416.6   468.4   510.9   560.3   620.2   713.9  1596.6  7085.0 25877.1  53830.6    53818
read      600.3  1281.4   160.7   210.7   224.7   390.6   526.6   610.4   686.8   789.4   912.3  1125.3  5031.1 18776.6 36906.2  30228.9    30297
read      536.7  1027.3   160.7   209.8   223.7   372.6   499.2   568.3   621.6   702.1   837.0  1052.0  3547.4 10674.7 35796.9  31703.9    31569
read      409.4   422.1   148.8   209.6   222.6   338.0   434.4   495.0   535.2   577.3   626.0   699.4  1319.2  4730.6 12778.4  38873.0    38927
read      615.8  1754.7   160.7   217.8   232.6   408.3   468.2   503.3   531.9   568.9   626.5   771.2  7026.5 31090.5 39188.6  10698.9    10652
read      404.3   517.8   160.7   218.3   232.9   351.4   413.0   450.9   479.8   516.5   567.9   654.3  1079.1  6948.9 28046.5  97964.3    98119
read      440.8   574.9   160.7   213.8   227.2   350.0   433.6   491.4   535.5   587.5   655.4   796.0  1776.1  7451.8 25213.5  48164.9    48176
read      421.4   479.3   160.7   211.3   224.4   344.7   443.9   503.1   541.8   583.4   632.3   713.9  1416.4  5751.9 18131.9  35007.9    34929
read      432.4   623.8   148.8   214.1   227.7   347.5   417.4   461.3   497.4   543.4   610.8   739.8  1927.4  7495.9 30687.3  69686.8    69735
read      704.5  1858.2   160.7   212.5   226.6   414.3   521.5   585.3   640.5   715.6   815.3  1208.0  8086.2 30729.5 44852.9  20658.7    20753
read      348.8   174.7   148.8   208.4   221.6   320.8   379.6   412.6   436.9   468.7   511.0   576.6   710.7  1306.5  4588.0  84579.2    84642
read      370.3   202.0   160.7   207.2   220.4   325.9   405.7   461.1   500.5   541.3   585.0   639.1   740.3  1158.6  7618.4  42365.8    42333
read      356.5   171.3   160.7   207.7   220.9   322.3   387.4   426.8   458.7   499.1   548.2   611.6   717.4  1094.3  5657.7  61665.4    61587
read      345.3   153.6   148.8   207.1   220.1   317.2   376.4   410.1   435.3   467.6   510.5   574.2   686.2  1061.1  5357.7  77970.3    77998
read      343.8   159.4   148.8   210.8   224.2   320.6   373.8   403.2   426.6   455.0   492.9   549.9   672.2  1009.1  5577.8  97613.5    97625
read      376.2   241.9   160.7   207.9   220.9   341.2   443.7   483.5   507.5   533.0   561.8   599.6   676.0  1492.9 12453.3  23768.0    23781
read      354.3   176.4   148.8   206.9   220.1   321.6   384.8   421.9   451.6   490.2   540.0   606.9   720.2  1015.0  7632.1  66756.2    66723
read      374.5   286.7   160.7   205.9   218.6   324.0   430.7   482.2   513.6   544.8   580.1   626.8   708.8  1233.4 12662.0  31122.5    31016
read      362.6   183.3   148.8   206.4   219.4   321.4   394.9   444.0   482.4   525.4   571.3   627.6   724.6  1160.8  5946.5  47487.9    47394
read      341.7   149.0   160.7   209.3   222.6   318.1   371.8   401.5   424.5   452.5   490.1   546.8   673.9  1160.3  5230.7  95275.6    95335
read      359.6   423.7   173.5   228.2   248.9   338.6   368.0   383.5   394.3   405.5   425.2   454.6   537.7  8040.4 14613.2   5214.7     5252
read      352.0   179.5   148.8   206.8   219.9   320.1   383.7   420.6   449.7   486.7   534.0   595.0   700.1  1130.0  5662.3  65671.6    65908
read      376.3   278.6   160.7   209.3   222.4   369.7   438.5   466.9   485.7   505.0   531.0   567.3   636.1  2400.8 13207.7  16870.2    16889
read      367.9   194.6   148.8   206.2   219.2   324.9   406.6   459.1   496.2   535.3   577.3   630.6   731.1  1359.5  7840.1  42879.2    42912
read      340.3   153.5   148.8   210.6   224.0   318.4   369.7   398.4   420.4   446.9   482.7   538.6   649.8  1136.6  5860.4  99819.3    99898
read      370.7   213.6   148.8   206.6   219.5   328.1   435.5   478.5   505.1   532.3   562.8   603.4   680.4  1125.7  9575.8  26483.6    26385
read      376.1   234.3   160.7   207.6   220.6   347.7   446.0   482.7   505.2   529.5   556.1   592.5   674.9  1347.3  9028.1  22633.0    22616

Total QPS = 51566.5 (46409824 / 900.0s)

Total connections = 64
Misses = 0 (0.0%)
Skipped TXs = 0 (0.0%)

RX 11463227022 bytes :   12.1 MB/s
TX          0 bytes :    0.0 MB/s
Warning! Detected max cpu usage > 95%
CPU Usage Stats (avg/min/max): 100.00%,1.99%,100.00%
