Random waveform, supplied seed
Total number of intervals = 90 (7434, 67201, 85927, 63953, 31595, 87879, 7287, 62295, 6561, 22532, 60653, 59076, 60154, 22964, 8172, 27652, 37594, 24367, 33771, 84944, 85666, 51918, 34406, 28664, 38289, 20658, 13840, 93419, 98284, 71313, 42089, 46458, 30755, 42889, 93552, 65694, 29574, 51355, 67361, 16287, 81508, 87619, 99068, 51267, 11822, 97494, 97350, 55460, 85984, 82043, 52873, 13911, 49984, 9274, 27187, 18735, 86505, 93039, 75999, 32324, 84255, 81759, 37291, 53818, 30297, 31569, 38927, 10652, 98119, 48176, 34929, 69735, 20753, 84642, 42333, 61587, 77998, 97625, 23781, 66723, 31016, 47394, 95335, 5252, 65908, 16889, 42912, 99898, 26385, 22616)
Average QPS expected = 51583
Timestamp start: 1715962516342
Timestamp end: 1715963416855

#type       avg     std     min      p5     p10     p50     p67     p75     p80     p85     p90     p95     p99    p999   p9999      QPS   target
read      287.3   380.4    74.4   136.3   157.4   263.6   297.7   316.2   330.1   345.7   369.2   412.7   708.5  4677.8 13554.0   7382.4     7434
read      364.6   308.0    68.9   124.8   146.8   335.4   417.1   463.2   496.9   537.5   591.3   683.0   918.0  2724.1 10232.6  67134.5    67201
read      374.7   302.7    68.9   128.5   152.6   340.3   422.6   468.7   503.9   547.7   612.4   719.7   988.1  2839.6 10168.2  85930.7    85927
read      368.6   261.0    63.8   125.4   147.7   342.1   426.3   472.0   505.5   545.7   599.5   689.9   924.3  2342.1  8649.8  63941.6    63953
read      334.6   208.9    68.9   120.8   140.3   316.9   381.1   421.4   452.8   490.0   535.0   603.0   792.3  1528.1  8209.2  31709.7    31595
read      394.8   474.8    63.8   127.7   153.5   348.5   432.6   480.0   515.3   560.6   628.6   750.9  1118.0  4675.3 17968.1  87899.4    87879
read      411.8  1297.0    68.9   124.7   151.6   287.7   334.7   363.5   386.7   415.7   456.8   537.3  3751.0 29357.7 38236.5   7307.4     7287
read      380.8   377.6    68.9   124.4   146.5   337.0   423.3   470.3   504.6   546.5   604.2   706.4  1352.7  3848.0 12258.8  62167.5    62295
read      336.5   906.0    74.4   130.5   155.5   266.7   304.5   324.8   340.6   361.0   390.4   455.6  1903.2 10931.7 38195.7   6572.5     6561
read      386.4   761.4    68.9   117.7   137.4   305.6   379.6   429.5   468.0   516.7   595.2   798.3  1423.0  8505.5 35505.9  22486.5    22532
read      394.6   484.9    68.9   126.0   148.8   342.1   427.2   473.2   506.9   548.5   608.9   719.2  1652.8  5989.0 19097.7  60683.6    60653
read      390.3   466.1    63.8   125.5   148.3   339.7   424.6   469.0   502.0   542.1   597.4   706.5  1605.9  5010.6 19731.6  59033.6    59076
read      385.4   488.5    68.9   123.6   145.5   336.7   419.7   463.6   495.9   535.8   590.0   693.2  1568.4  4988.6 22050.5  60155.5    60154
read      471.2  2597.9    63.8   118.2   138.0   311.6   401.2   462.8   510.2   579.6   716.5   909.0  2434.3 14560.9 165024.8  23010.0    22964
read      483.2  1622.8    68.9   129.5   156.5   312.5   366.7   399.8   425.5   456.3   496.5   580.3  6088.0 31673.3 40787.2   8242.5     8172
read      357.6   411.2    68.9   120.2   139.5   314.8   391.8   440.7   475.7   515.5   562.6   641.9  1122.1  5305.1 15906.0  27511.2    27652
read      365.9   392.6    68.9   122.5   142.7   331.2   404.2   450.9   486.5   529.0   579.9   660.8  1175.2  3757.1 14758.0  37602.6    37594
read      352.5   396.6    68.9   120.4   140.0   313.2   388.8   435.8   468.9   505.2   548.4   627.4  1105.7  3807.5 15402.3  24440.3    24367
read      355.2   313.6    63.8   120.1   139.7   321.7   394.4   440.6   476.3   518.6   568.8   647.3  1151.3  3182.9 10649.3  33819.8    33771
read      414.5   543.9    68.9   129.3   155.7   356.0   439.4   486.2   521.0   567.1   640.3   783.2  1632.1  7103.9 19582.7  85007.2    84944
read      422.5   710.1    68.9   129.0   155.6   354.5   436.0   483.4   518.8   566.4   639.5   772.2  1475.5  9554.0 31355.4  85484.2    85666
read      378.4   451.3    63.8   125.5   147.0   335.7   414.2   457.1   488.8   527.8   579.7   671.7  1458.7  5982.3 13701.7  51901.3    51918
read      367.1   481.5    68.9   121.9   142.0   326.4   398.6   443.1   478.2   520.0   571.7   657.3  1183.3  5466.3 17380.4  34441.1    34406
read      364.6   530.6    68.9   119.8   139.7   320.1   391.5   436.9   473.3   514.0   563.7   643.7  1140.1  6340.6 29940.5  28704.2    28664
read      362.0   377.6    63.8   120.2   140.1   326.3   401.5   448.1   483.7   526.6   578.4   663.3  1185.9  3686.8 13790.6  38306.7    38289
read      387.6   595.0    63.8   119.0   138.9   308.2   390.6   443.0   485.5   541.8   641.6   817.1  1591.2  7390.9 29691.6  20657.4    20658
read      359.7   545.2    68.9   124.9   145.0   315.2   379.6   415.8   443.3   480.9   538.8   650.0  1108.2  6287.6 29200.8  13868.7    13840
read      374.1   315.4    63.8   128.9   154.1   339.8   420.0   465.7   500.7   544.7   610.2   720.8   968.2  2803.2  9720.6  93505.3    93419
read      389.3   341.0    63.8   133.6   161.6   351.8   432.9   479.5   515.7   563.2   632.6   748.7  1010.2  3552.7 12905.8  98325.7    98284
read      371.4   314.4    63.8   128.5   151.3   334.2   416.1   463.7   499.5   543.2   602.1   703.4   986.7  3286.2  9894.2  71362.2    71313
read      370.0   377.1    63.8   127.9   148.9   339.2   414.9   456.9   488.6   527.6   577.9   657.9  1075.9  3905.9 16864.4  42131.9    42089
read      370.3   283.2    63.8   130.8   151.9   342.8   421.8   466.4   501.1   542.6   593.1   672.6  1033.0  2778.9  8383.3  46375.6    46458
read      358.5   344.3    68.9   125.3   144.8   325.5   402.9   453.4   489.7   529.9   576.0   639.4   967.9  3577.8 10864.0  30785.8    30755
read      364.8   305.2    68.9   126.0   146.9   339.0   414.6   456.9   488.9   527.9   577.3   654.0  1032.9  2728.9 10067.3  42804.1    42889
read      397.8   396.9    68.9   133.6   161.0   352.3   434.1   482.3   519.7   567.6   635.5   752.6  1133.4  4643.1 12527.4  93525.1    93552
read      368.5   323.5    63.8   127.3   148.7   336.0   419.2   466.7   502.6   545.6   601.3   690.4   935.4  2870.5 11832.0  65726.4    65694
read      346.5   389.9    63.8   119.6   138.5   312.6   379.2   422.4   456.0   495.4   541.9   617.8  1013.1  4547.8 12696.7  29603.4    29574
read      368.7   412.0    68.9   122.5   143.8   332.6   409.9   451.5   481.1   517.4   567.2   649.3  1284.3  4687.3 16040.1  51301.9    51355
read      385.7   497.9    63.8   122.3   144.5   331.7   414.0   460.0   494.1   535.8   593.0   704.7  1618.7  6218.6 18807.2  67121.2    67361
read      425.9  1004.0    68.9   119.9   139.3   313.6   402.1   466.5   518.9   580.3   652.7   752.3  2602.4 11049.3 36190.3  16426.3    16287
read      369.6   298.1    63.8   127.5   150.1   334.0   418.1   465.6   502.0   547.0   611.4   715.7   969.1  2814.2  9572.0  81521.2    81508
read      374.9   342.8    63.8   127.5   151.6   337.6   418.4   465.2   501.1   546.6   612.7   718.7   979.7  3749.1 11262.4  87864.2    87619
read      394.7   433.5    63.8   134.1   162.3   350.5   431.0   477.0   513.0   560.8   629.4   749.2  1054.3  5526.4 13483.3  99270.5    99068
read      395.2   532.0    68.9   128.4   149.9   348.4   430.2   476.6   512.4   555.8   612.1   704.6  1524.8  5729.8 30442.3  51208.5    51267
read      420.2  1073.6    68.9   126.2   147.4   319.2   384.8   428.1   463.0   506.1   560.8   656.3  2755.5 11705.0 36849.3  11830.3    11822
read      494.9   734.4    63.8   144.8   185.5   405.9   477.6   522.6   565.3   640.9   770.4   947.0  2082.1  9242.0 31050.3  97403.3    97494
read      370.8   331.8    63.8   127.8   153.0   336.5   415.8   460.6   494.0   536.8   599.9   710.7   956.1  3122.2 12078.6  97250.9    97350
read      387.7   509.8    68.9   127.4   149.2   342.4   424.0   467.3   499.9   539.8   592.3   687.6  1455.0  6047.3 20339.6  55498.1    55460
read      412.4   493.9    68.9   130.0   156.0   353.1   436.3   484.8   522.3   572.9   646.8   791.9  1714.4  6027.3 16667.3  86084.7    85984
read      393.2   453.1    63.8   127.0   151.3   340.2   422.9   470.6   507.9   557.9   629.9   752.5  1499.9  5127.3 13723.0  82062.6    82043
read      374.8   330.5    68.9   125.4   146.6   336.2   415.8   460.1   493.9   535.4   588.3   681.6  1433.2  3414.5 10121.5  52884.9    52873
read      453.4  1172.4    68.9   121.6   141.7   318.0   397.7   457.5   507.2   565.7   641.4   781.8  3498.5 16457.3 37195.9  13898.2    13911
read      380.8   492.3    63.8   122.4   143.8   334.1   411.7   454.1   485.3   524.2   577.1   679.4  1507.5  5911.7 16182.4  49986.3    49984
read      437.7  1336.2    74.4   119.1   141.8   301.1   358.8   395.5   423.5   456.3   497.5   573.0  4324.2 24336.6 37832.7   9252.5     9274
read      350.8   448.7    68.9   119.7   138.1   309.3   382.3   430.0   464.0   502.0   546.8   625.0  1101.5  4969.7 15017.1  27287.1    27187
read      414.0   860.9    68.9   117.4   136.5   306.8   398.0   462.5   520.2   596.7   693.9   805.4  1714.3  8535.8 32425.5  18721.6    18735
read      434.4   610.8    63.8   130.1   156.9   357.2   440.1   490.2   530.4   585.7   675.5   853.6  1934.9  6848.3 29049.3  86465.7    86505
read      364.8   295.8    63.8   127.2   150.9   330.7   410.3   456.7   492.0   536.4   597.0   699.4   933.9  3054.5 10648.0  93180.1    93039
read      365.0   336.5    63.8   122.1   144.1   330.7   410.7   455.8   488.8   530.1   589.0   695.3   977.6  3768.3 10661.5  76035.8    75999
read      355.0   558.7    68.9   116.6   135.5   317.4   380.0   418.9   450.2   488.2   535.3   614.4  1084.3  7573.4 29263.5  32290.3    32324
read      412.7   643.4    68.9   127.3   152.2   344.1   424.1   470.6   506.6   554.3   630.0   763.5  1733.4  8472.4 30663.9  84318.9    84255
read      415.6   591.5    68.9   128.2   152.9   344.4   426.5   475.4   514.6   566.4   641.8   791.2  1799.0  7039.5 26776.5  81899.5    81759
read      363.3   363.9    68.9   124.0   143.7   330.2   402.2   448.0   483.2   525.2   575.7   654.5  1173.3  3704.8 13096.4  37301.0    37291
read      371.4   379.9    63.8   121.6   143.0   335.1   413.6   455.5   486.0   523.6   574.6   667.5  1373.8  3893.5 14430.7  53915.1    53818
read      344.8   310.7    63.8   118.0   136.6   317.2   380.8   420.5   452.5   490.8   537.5   614.6  1056.8  3563.8 10722.1  30284.3    30297
read      349.0   364.2    68.9   120.0   139.3   318.2   382.9   423.1   455.0   493.8   541.6   622.5  1097.5  3737.6 10953.4  31606.6    31569
read      355.5   433.9    63.8   119.5   139.2   323.1   390.4   428.7   458.6   495.4   542.9   623.7  1191.7  5179.7 16997.5  38882.5    38927
read      434.5  1241.3    68.9   114.9   134.7   305.6   373.4   419.0   452.7   489.7   535.6   615.4  4232.9 24920.9 36640.9  10687.8    10652
read      382.4   385.5    63.8   130.4   156.3   339.5   419.8   466.3   502.0   547.0   614.9   731.7  1072.1  4036.8 12879.6  98096.5    98119
read      368.1   401.3    63.8   122.5   143.1   330.6   407.2   451.1   483.6   523.1   574.2   658.3  1303.4  4414.0 12385.9  48078.4    48176
read      350.8   461.1    68.9   120.5   139.3   316.9   385.6   428.0   461.1   500.1   546.6   619.0  1078.8  4228.3 18534.1  34887.5    34929
read      407.4   557.4    68.9   126.6   149.0   341.1   425.7   475.5   513.9   562.5   631.1   758.3  1774.0  7176.3 20206.8  69713.2    69735
read      420.4   826.5    68.9   120.2   140.6   316.8   412.3   473.1   525.6   601.1   708.5   840.4  1854.5  8609.7 36348.4  20780.6    20753
read      372.9   506.4    63.8   122.8   144.9   324.1   409.2   457.6   492.9   535.9   595.7   710.0  1044.8  6293.6 26887.0  84450.3    84642
read      332.1   228.8    63.8   118.4   137.7   313.3   386.5   428.2   458.9   494.8   539.2   607.1   779.5  1150.3  6374.3  42357.9    42333
read      331.5   226.0    59.1   118.6   138.2   305.8   386.3   431.7   463.6   500.3   546.2   620.0   790.7  1191.2  9805.3  61610.3    61587
read      338.4   245.6    59.1   119.8   140.3   307.7   389.3   436.5   470.9   511.7   566.1   656.2   855.0  1210.2 10971.2  77995.4    77998
read      327.8   200.7    63.8   120.1   140.8   295.5   375.0   423.0   457.6   498.3   550.0   636.2   829.3  1151.1  6300.7  97676.0    97625
read      298.9   250.1    63.8   114.5   131.7   282.7   338.2   372.1   398.7   431.0   469.9   527.8   658.7  1616.3 11706.2  23854.8    23781
read      332.5   222.8    63.8   119.2   139.0   303.9   385.1   432.5   466.0   505.0   554.1   631.8   805.5  1232.2  8173.4  66842.3    66723
read      308.8   211.2    63.8   116.1   133.0   290.0   357.1   397.4   427.9   462.6   503.6   559.7   683.7  1477.5  8069.2  31044.4    31016
read      324.3   183.3    63.8   120.4   139.1   307.8   379.5   419.5   449.0   483.7   527.4   589.5   736.7  1066.7  6358.6  47426.1    47394
read      332.9   222.0    63.8   120.7   141.7   300.3   380.1   427.7   463.1   505.0   560.5   645.6   839.0  1250.8  8026.2  95557.9    95335
read      277.9   393.7    74.4   142.6   163.0   247.4   278.8   296.1   310.3   326.8   350.1   398.2   685.5  5803.8 15734.5   5222.7     5252
read      329.1   207.7    63.8   120.1   139.7   305.1   383.8   428.0   460.9   499.5   546.9   617.4   770.3  1127.4  7644.4  65951.0    65908
read      302.8   274.9    68.9   122.3   141.2   289.8   349.9   381.0   402.0   426.9   456.1   498.0   588.8  1840.7 14007.1  16948.0    16889
read      321.8   213.9    63.8   117.4   135.5   301.7   373.9   415.6   446.0   481.3   525.9   590.5   749.3  1140.7  8001.0  42957.3    42912
read      334.3   216.3    63.8   120.9   142.8   301.6   381.3   429.1   464.4   506.3   560.2   645.4   848.3  1219.0  7830.6  99842.9    99898
read      309.9   238.2    63.8   117.0   134.2   289.4   357.8   397.9   427.2   459.6   497.2   547.3   664.2  1718.9 10518.9  26433.9    26385
read      301.1   270.5    63.8   115.6   133.2   282.2   341.8   378.6   405.4   436.9   473.6   525.6   633.9  1730.5 10852.7  22613.3    22616

Total QPS = 51595.9 (46436304 / 900.0s)

Total connections = 64
Misses = 0 (0.0%)
Skipped TXs = 0 (0.0%)

RX 11469766594 bytes :   12.2 MB/s
TX          0 bytes :    0.0 MB/s
Warning! Detected max cpu usage > 95%
CPU Usage Stats (avg/min/max): 99.62%,1.01%,100.00%
