Random waveform, supplied seed
Total number of intervals = 450 (7434, 67201, 85927, 63953, 31595, 87879, 7287, 62295, 6561, 22532, 60653, 59076, 60154, 22964, 8172, 27652, 37594, 24367, 33771, 84944, 85666, 51918, 34406, 28664, 38289, 20658, 13840, 93419, 98284, 71313, 42089, 46458, 30755, 42889, 93552, 65694, 29574, 51355, 67361, 16287, 81508, 87619, 99068, 51267, 11822, 97494, 97350, 55460, 85984, 82043, 52873, 13911, 49984, 9274, 27187, 18735, 86505, 93039, 75999, 32324, 84255, 81759, 37291, 53818, 30297, 31569, 38927, 10652, 98119, 48176, 34929, 69735, 20753, 84642, 42333, 61587, 77998, 97625, 23781, 66723, 31016, 47394, 95335, 5252, 65908, 16889, 42912, 99898, 26385, 22616, 50605, 90283, 26273, 48521, 34058, 75648, 19482, 15054, 75754, 5187, 17656, 96343, 36665, 85269, 31525, 61798, 12253, 25710, 79937, 7271, 85861, 91467, 72217, 31080, 76878, 84584, 12492, 57106, 96245, 6791, 90728, 5151, 82969, 42635, 99337, 95192, 69200, 49459, 29055, 64324, 5705, 84816, 23714, 74116, 19948, 44213, 19454, 7190, 47657, 44399, 6481, 5807, 83137, 9580, 37385, 33706, 35204, 50438, 48878, 42682, 27416, 64424, 64364, 5481, 26227, 26586, 86286, 24452, 26832, 29795, 46224, 84587, 63389, 46953, 90536, 12508, 38491, 97806, 11813, 39665, 53571, 63215, 78767, 8615, 67903, 16398, 53434, 38068, 9130, 69227, 37496, 83925, 51037, 33690, 51474, 73708, 98618, 81977, 91567, 48236, 91726, 52458, 70467, 71151, 65016, 42057, 78821, 60720, 39911, 10628, 73736, 7334, 91868, 76670, 10405, 26019, 55530, 29615, 66057, 55281, 21177, 88239, 70227, 23421, 97104, 6235, 58045, 23729, 40897, 53312, 87262, 81836, 92274, 47252, 75747, 80994, 98224, 7737, 37514, 10640, 90490, 92514, 89245, 73823, 46565, 21419, 66915, 31667, 72255, 99535, 9226, 67844, 71413, 97328, 55113, 53743, 15253, 90605, 25767, 93458, 95080, 88399, 95681, 33003, 98809, 64610, 51183, 20194, 7602, 46677, 5577, 23035, 57516, 62851, 38431, 25729, 19443, 19461, 42341, 5691, 40223, 29941, 41162, 43863, 20318, 93421, 48578, 40595, 17677, 78948, 9703, 9686, 7968, 15830, 8192, 79410, 76582, 54634, 72177, 15101, 8167, 44130, 53047, 97171, 81360, 77277, 38294, 11165, 74155, 12255, 52404, 17057, 6005, 85707, 79742, 58322, 26212, 69487, 29507, 51412, 67374, 55125, 53048, 12192, 36138, 60799, 36368, 39729, 95693, 40999, 65037, 12633, 50117, 62765, 12379, 49369, 39111, 52692, 24539, 61591, 47864, 16479, 75268, 8714, 13002, 77147, 43518, 27206, 55859, 37448, 45026, 99974, 64632, 49061, 80418, 16471, 35694, 13935, 79838, 48842, 17708, 31401, 62091, 87121, 81929, 42013, 90709, 67578, 58116, 68886, 93119, 95079, 77456, 15723, 9867, 8176, 89745, 11058, 81413, 21659, 27181, 17420, 23028, 33694, 32735, 57645, 45216, 57659, 85443, 14390, 31520, 67089, 16537, 18930, 46784, 93102, 89799, 66551, 93104, 43768, 54006, 64618, 86482, 77459, 61365, 52346, 87286, 17384, 98165, 63330, 5866, 37693, 75360, 34753, 59823, 68266, 39383, 65072, 33192, 51847, 62362, 84073, 64213, 27059, 54703, 98366, 29565, 75000, 62235, 47788, 68928, 36478, 76067, 47020, 81656, 16396, 21661, 50156, 54102, 65670, 17584, 30347, 21534, 10216, 80544, 45508, 21591, 15435, 14502, 16369, 42077, 38334, 17694, 75056, 53845, 13319, 77808, 44423, 25669, 66463)
Average QPS expected = 50157
Timestamp start: 1715955132646
Timestamp end: 1715956033387

#type       avg     std     min      p5     p10     p50     p67     p75     p80     p85     p90     p95     p99    p999   p9999      QPS   target
read      265.6   387.7    74.4   129.4   148.5   241.6   272.8   289.7   301.7   316.8   338.0   375.8   580.5  5621.1 19385.1   7315.5     7434
read      357.5   346.1    63.8   126.5   147.9   321.1   401.7   448.3   482.7   524.5   579.2   672.6   928.3  2788.0 12226.3  66622.5    67201
read      362.4   301.4    68.9   129.8   153.0   328.3   406.5   453.3   488.7   533.2   593.2   688.4   898.2  3166.8 12345.5  85865.5    85927
read      359.9   279.9    68.9   129.4   150.2   330.9   411.9   457.9   493.0   534.8   586.9   666.4   909.1  2488.6 15120.4  64311.0    63953
read      342.1   353.6    74.4   125.2   143.8   314.0   385.4   430.8   465.6   504.7   548.3   611.7   787.3  4227.7 16196.3  31532.5    31595
read      358.6   302.9    68.9   129.7   152.5   325.4   402.6   449.4   485.4   531.5   592.8   687.3   896.0  1771.0 12545.1  87936.0    87879
read      310.9   464.3    86.8   142.5   164.8   275.8   312.1   331.3   344.7   362.7   386.7   432.9  1309.2  7555.1 15697.7   7375.0     7287
read      355.5   274.3    68.9   125.7   147.3   326.7   407.2   452.6   485.3   525.0   575.6   656.1   903.1  2361.2 13067.1  62071.5    62295
read      286.3   473.6    74.4   128.2   149.8   248.9   283.2   301.3   314.8   331.4   353.8   403.2   916.2  8533.3 13601.1   6684.0     6561
read      361.6   500.7    68.9   123.8   142.2   306.6   375.0   422.2   458.4   500.4   559.5   702.8  1220.4  5197.2 28459.3  22422.5    22532
read      390.6   363.8    74.4   130.4   153.4   348.2   433.9   479.8   512.8   555.3   612.9   710.5  1420.9  4031.3 10210.4  60840.5    60653
read      381.3   296.3    74.4   129.7   152.5   343.7   431.1   477.7   511.2   550.6   608.5   698.3  1259.7  2956.1  8862.9  58967.5    59076
read      400.1   560.1    74.4   128.2   149.9   333.6   418.8   466.0   501.3   543.9   606.0   736.2  1845.1  6575.1 31325.4  59927.5    60154
read      359.6   519.9    68.9   121.2   140.1   304.8   369.8   414.3   448.5   488.0   537.2   648.6  1347.0  5523.0 30970.4  22899.5    22964
read      424.8  1210.6    74.4   124.1   146.6   289.6   340.7   373.0   400.8   438.2   494.3   618.8  4173.9 14347.5 39963.1   8321.5     8172
read      433.4   878.0    68.9   123.5   142.6   313.5   397.5   460.4   512.2   595.6   774.7   992.4  1940.9 10457.0 41228.0  27649.0    27652
read      332.5   244.5    68.9   121.2   140.2   311.4   379.5   420.8   451.9   489.5   536.7   608.1   784.1  1883.8  8442.1  37674.0    37594
read      326.5   236.7    74.4   122.0   140.9   302.9   374.6   417.5   446.7   478.3   515.2   571.5   716.0  2651.5  8821.7  24330.5    24367
read      330.5   270.2    68.9   120.8   139.9   309.1   381.3   424.2   457.7   495.9   538.9   594.7   726.6  1499.2 11124.3  33846.0    33771
read      346.8   209.1    68.9   124.1   145.9   319.0   397.3   443.3   477.2   521.2   581.2   672.9   858.6  1409.3  7432.4  84649.0    84944
read      359.4   236.5    68.9   126.4   149.5   327.4   407.4   454.9   491.8   539.3   601.1   695.1   905.2  2284.1  5708.2  85474.0    85666
read      351.0   235.3    68.9   127.6   147.8   330.0   406.4   449.2   480.2   518.8   566.8   634.6   830.1  1794.5  8569.8  51773.5    51918
read      337.5   203.4    68.9   124.2   143.1   319.2   387.0   428.9   461.6   500.4   546.6   616.9   793.5  1488.0  8172.5  34231.0    34406
read      324.6   192.0    68.9   122.1   140.8   306.7   371.5   411.7   443.2   478.3   520.7   581.4   738.9  1541.8  7587.9  28714.0    28664
read      339.5   209.2    74.4   124.0   143.8   320.9   389.0   428.9   460.4   498.2   544.7   612.9   797.1  2793.6  6362.7  38084.5    38289
read      309.7   225.8    74.4   121.0   139.5   291.1   355.0   393.3   420.2   450.6   486.4   536.6   663.6  1558.7  8600.4  20833.5    20658
read      294.4   278.8    74.4   122.8   140.8   281.8   330.0   355.9   373.9   396.2   424.3   466.9   582.1  2951.7 12189.5  13796.0    13840
read      362.8   245.8    68.9   127.3   152.0   331.5   411.6   457.9   491.9   534.9   597.6   701.7   926.2  1751.1 10198.4  93236.5    93419
read      372.5   271.6    68.9   129.3   155.0   337.9   418.4   464.3   499.4   545.7   613.5   724.4   969.9  2859.6  8360.1  98213.5    98284
read      341.1   224.3    63.8   120.2   141.2   313.6   391.3   434.7   466.9   504.8   558.4   643.3   858.6  1924.2  8011.9  71333.0    71313
read      337.5   280.5    68.9   121.4   140.9   317.1   385.6   425.1   454.7   490.0   533.7   602.1   844.6  1844.7  7341.6  41743.5    42089
read      345.9   233.8    63.8   124.5   145.0   325.0   397.6   437.3   467.3   503.4   548.3   622.3   866.9  2003.7  8084.7  46355.5    46458
read      325.4   221.3    68.9   120.4   138.9   307.6   368.3   406.4   436.9   475.9   519.0   581.8   751.1  1733.6  8695.0  30731.5    30755
read      335.4   217.8    68.9   123.5   143.6   318.8   387.3   425.7   455.2   490.6   535.0   598.6   782.6  1692.9  7738.0  43308.0    42889
read      386.8   434.5    68.9   127.7   152.9   337.1   413.6   457.8   492.5   539.0   612.6   737.0  1426.9  6395.2 13472.4  93840.5    93552
read      363.6   307.0    68.9   124.6   146.6   329.7   411.3   454.9   486.3   525.6   578.5   666.7  1001.4  3678.4  8698.1  65624.0    65694
read      342.0   300.6    68.9   120.2   138.6   312.5   377.0   417.4   449.7   488.7   534.0   605.3  1083.6  3701.0 11127.1  29696.0    29574
read      368.3   254.1    68.9   127.7   148.7   340.3   420.9   464.8   497.8   537.8   587.8   668.5  1051.4  2793.5  8432.8  51471.0    51355
read      377.3   425.1    68.9   125.4   147.4   334.8   419.7   466.8   502.8   546.0   601.6   689.7  1073.6  4615.6 12815.1  67105.5    67361
read      366.9   691.0    68.9   124.5   143.1   305.4   377.6   418.5   450.2   491.3   557.8   708.4  1422.2  6688.0 42079.2  16549.0    16287
read      398.4   434.2    68.9   126.6   151.2   334.8   417.2   467.6   508.2   561.2   633.5   766.8  1840.3  4885.6 10076.8  81160.0    81508
read      402.9   418.9    68.9   129.4   155.4   349.8   432.5   479.9   517.2   567.4   640.4   778.3  1576.4  5212.3 10955.0  87926.5    87619
read      409.7   518.1    68.9   132.9   162.0   361.9   444.5   489.3   522.6   567.2   637.2   783.1  1092.0  6762.1 24005.0  98967.5    99068
read      370.9   316.3    68.9   124.8   146.7   336.7   418.6   461.9   493.1   530.1   580.5   672.4  1249.8  2871.5 12633.6  51475.0    51267
read      340.7   450.4    74.4   118.1   136.1   288.5   340.5   372.8   401.5   440.6   504.0   621.7  1939.1  4719.3 15325.8  11754.5    11822
read      413.9   664.2    68.9   129.5   157.4   352.1   429.5   473.4   509.5   560.0   638.0   767.3  1235.1  7451.9 32035.7  97166.0    97494
read      383.6   433.2    68.9   128.3   154.6   337.7   412.5   456.4   491.1   536.9   606.5   720.9  1001.8  6505.9 10484.3  97180.0    97350
read      348.2   274.3    68.9   121.7   142.0   321.8   399.8   443.5   475.8   516.5   566.9   636.9   909.8  2097.5  9690.3  56113.0    55460
read      392.0   414.7    68.9   130.2   154.9   344.3   427.7   477.6   515.5   565.8   636.0   746.6  1246.5  4371.2 13657.6  85642.5    85984
read      388.5   405.8    68.9   127.6   150.7   339.9   422.5   471.7   510.4   559.1   628.0   742.8  1207.7  4350.9 13518.8  82068.0    82043
read      371.5   397.4    68.9   124.4   144.8   330.6   411.3   456.5   491.7   535.1   588.6   673.7  1344.1  4480.7 16457.6  52841.0    52873
read      360.8   527.2    74.4   126.2   146.6   317.2   382.8   420.3   449.9   486.7   541.3   647.7  1050.6  6093.0 30263.4  14076.5    13911
read      378.4   381.8    68.9   124.0   146.0   334.5   413.5   456.4   487.7   526.0   579.1   684.4  1566.8  4204.6 12197.8  50009.5    49984
read      316.5   556.8    74.4   121.8   140.5   274.0   316.4   340.6   359.8   384.1   420.4   496.2  1497.4  8227.9 28041.4   9295.5     9274
read      337.3   316.2    68.9   117.4   136.0   308.5   370.6   411.9   446.2   487.5   536.1   622.3  1043.5  1943.5  9447.2  26975.0    27187
read      416.8   908.9    68.9   112.2   131.1   298.8   389.1   453.5   513.9   601.0   701.8   820.9  1805.3 10657.1 32318.9  18835.0    18735
read      437.5   579.8    63.8   128.7   156.4   354.1   436.5   489.0   532.5   595.1   697.4   909.4  1888.9  7333.8 25715.3  86353.0    86505
read      371.1   289.6    68.9   127.8   152.5   333.5   415.2   462.8   498.7   542.9   608.1   719.3  1013.9  2939.0  7971.0  93125.5    93039
read      352.0   254.7    59.1   121.8   143.5   322.6   403.5   450.0   484.4   526.4   581.6   673.1   896.2  1727.6 12351.8  76005.5    75999
read      337.0   261.5    68.9   120.5   139.0   308.9   376.1   418.1   450.1   489.6   539.1   615.4  1017.5  2202.8  9145.6  32421.5    32324
read      383.3   381.5    63.8   125.2   149.0   328.6   410.3   460.3   499.8   548.7   620.2   742.7  1582.8  3681.2  8858.0  84036.5    84255
read      355.2   338.3    63.8   121.5   143.5   320.2   396.8   441.9   475.7   519.5   581.4   679.3   908.4  4432.3  9104.3  81606.0    81759
read      338.6   240.4    74.4   121.3   140.5   318.2   385.2   424.7   454.7   491.0   536.0   607.5   835.5  2148.4  7927.1  37309.0    37291
read      356.2   352.1    68.9   125.2   145.6   323.5   401.0   442.3   470.6   506.4   552.7   628.4  1032.1  3647.0 12472.4  53904.0    53818
read      329.0   205.4    68.9   119.1   137.9   311.0   371.7   409.6   438.8   476.9   522.9   588.9   838.4  1792.0  8330.9  30582.0    30297
read      345.4   417.5    68.9   117.8   136.2   312.6   375.7   416.0   447.1   485.8   533.1   608.0  1107.7  4688.7 14719.7  31547.0    31569
read      348.5   269.2    68.9   122.8   143.0   326.6   398.1   437.8   469.1   506.5   554.8   629.3   943.9  1973.0  9162.5  38827.0    38927
read      331.2   276.0    80.4   136.5   156.9   311.8   360.2   387.5   407.9   435.0   476.2   550.6   920.6  3670.2  8065.7  10609.0    10652
read      387.8   434.0    68.9   137.0   160.8   344.3   424.6   470.2   506.4   553.6   622.8   735.5  1018.6  5551.9 15888.7  97662.0    98119
read      366.1   315.2    68.9   125.4   146.0   338.4   417.7   461.1   494.8   535.3   585.9   662.9   974.3  3157.2 10174.4  48103.0    48176
read      352.6   246.8    68.9   122.6   141.9   323.3   396.9   443.9   479.6   520.8   571.2   638.8  1040.3  3104.1  7684.2  35092.0    34929
read      366.2   320.2    68.9   126.0   146.1   333.9   416.2   462.4   497.3   540.2   596.9   688.5   924.4  3596.8 10539.9  69753.5    69735
read      361.8   419.5    68.9   123.8   143.8   313.7   395.6   438.7   469.1   505.4   552.9   683.2  1291.9  5480.6 15901.2  20715.0    20753
read      388.8   459.4    68.9   128.1   150.6   335.1   415.6   463.8   502.3   552.2   622.3   740.2  1486.9  5083.4 14425.8  84321.0    84642
read      370.9   441.2    68.9   123.2   142.9   333.6   410.5   455.0   488.5   529.0   580.0   655.7  1199.7  4277.9 15669.4  42448.5    42333
read      380.9   312.3    68.9   127.0   147.4   340.1   425.5   473.2   509.8   553.8   610.6   705.7  1437.1  3319.2  9334.0  61807.0    61587
read      391.0   498.5    68.9   128.5   150.3   336.6   420.2   469.4   507.3   553.4   621.1   735.8  1407.7  5101.6 21676.4  77799.5    77998
read      413.1   458.7    68.9   139.6   167.5   361.7   441.0   487.6   524.5   576.1   654.8   794.6  1496.0  4757.6 12546.5  97720.5    97625
read      330.5   270.9    74.4   120.4   139.3   301.3   378.4   422.9   452.5   484.2   521.0   574.7   869.4  2910.9  9185.2  23769.0    23781
read      400.3   489.2    74.4   127.4   148.7   340.0   427.1   477.2   517.1   566.9   636.2   770.0  1676.9  4575.4 24305.5  66869.0    66723
read      342.6   247.9    68.9   119.4   138.3   317.7   391.6   437.9   471.6   510.0   553.4   620.6   906.9  2210.3  9692.0  31079.0    31016
read      378.9   892.3    68.9   123.2   143.4   331.7   407.8   451.7   485.2   525.5   576.2   655.9  1035.9  8798.6 39550.5  47340.5    47394
read      391.9   475.1    68.9   133.4   158.2   337.0   415.2   463.4   502.2   553.1   626.6   740.8  1490.9  5220.2 23905.9  95004.0    95335
read      379.8  1293.1    80.4   145.5   169.5   274.0   312.3   334.8   352.0   372.6   402.6   475.4  2652.3 27357.6 40919.6   5255.0     5252
read      427.9   714.1    68.9   127.3   148.4   336.6   424.2   476.2   517.4   568.3   640.7   867.0  2083.7 11924.3 31093.7  65314.5    65908
read      422.3   827.7    74.4   122.7   143.6   330.0   420.2   477.3   529.6   603.6   696.5   812.1  1828.1  6910.6 36040.1  16869.0    16889
read      470.0   799.8    63.8   117.9   138.9   327.8   414.9   476.4   533.2   626.2   901.4  1312.1  2615.7  8159.6 31494.0  42796.0    42912
read      461.3   756.2    68.9   138.9   172.7   381.8   458.4   502.1   540.0   597.8   696.4   861.2  2278.0  8956.5 31467.1  99745.0    99898
read      322.0   307.7    68.9   115.2   132.9   297.8   355.5   391.9   420.8   456.0   498.1   556.8   939.6  3137.5 10810.9  26395.5    26385
read      357.5   578.7    68.9   114.9   133.0   295.9   359.9   404.3   438.8   479.1   533.7   699.9  1501.7  6428.7 25656.3  22548.5    22616
read      387.9   717.5    74.4   124.0   145.7   333.0   409.7   452.0   483.3   521.3   571.2   657.5  1414.3  9441.0 32445.1  50821.0    50605
read      402.5   534.2    68.9   130.7   157.6   349.6   431.2   477.7   513.5   560.2   631.0   750.8  1114.3  6568.8 24456.1  90687.5    90283
read      325.5   295.3    68.9   119.1   136.8   299.6   361.8   402.4   434.0   469.3   510.7   575.9   922.5  1611.3 13068.6  26303.0    26273
read      370.2   417.0    68.9   128.3   148.9   338.1   415.6   457.1   488.1   526.5   577.6   654.5   995.7  4394.7 17936.0  48524.0    48521
read      345.6   344.1    74.4   120.7   139.6   317.5   383.0   423.4   455.4   494.1   539.5   610.1  1051.9  3170.9 11930.2  33756.0    34058
read      383.9   376.0    68.9   125.5   148.8   335.8   419.2   466.5   503.0   547.9   612.2   724.6  1305.5  4321.2 15296.7  75193.5    75648
read      338.2   306.0    74.4   125.3   144.6   310.4   381.2   422.2   451.1   483.0   521.4   577.7   938.5  3000.8 12077.2  19383.0    19482
read      372.8   517.3    74.4   127.8   146.9   317.5   387.7   427.9   460.6   506.4   584.6   718.6  1327.4  6255.9 20463.0  15216.0    15054
read      371.7   403.9    63.8   121.3   143.8   326.4   406.6   452.6   487.3   531.7   592.2   698.5  1074.0  6043.6 10215.1  75747.5    75754
read      380.7  1179.1    68.9   138.0   162.2   257.9   297.1   317.8   335.6   359.4   393.7   472.7  3602.9 19313.6 35082.5   5168.0     5187
read      461.9  1234.7    68.9   119.3   139.0   322.2   420.1   497.7   564.4   634.3   711.5   822.1  2882.4 15066.2 53676.6  17497.5    17656
read      421.0   686.5    68.9   131.8   160.3   351.8   431.4   478.4   517.5   571.3   649.9   794.6  1670.3  8610.3 31566.9  95894.5    96343
read      343.0   247.0    68.9   122.7   141.8   319.2   385.7   424.0   454.4   492.7   539.8   619.0   986.2  2422.5  8952.9  36532.5    36665
read      373.2   392.1    68.9   126.1   149.4   329.4   408.5   454.4   489.5   534.4   597.1   707.6  1050.6  4716.6 12219.6  85471.0    85269
read      318.1   277.5    68.9   116.3   133.6   295.6   356.3   394.1   423.9   459.1   502.6   568.9   742.3  2835.3 10921.5  31472.5    31525
read      345.9   265.9    68.9   124.0   144.8   316.8   394.9   438.2   470.2   508.0   557.6   635.1   854.7  3793.0  8100.0  61624.5    61798
read      308.7   373.0    74.4   125.3   142.5   285.3   332.3   357.6   375.5   397.5   427.3   479.8   773.9  8049.5 10480.8  12223.0    12253
read      314.0   198.6    68.9   118.7   136.5   292.8   355.1   394.9   424.8   460.4   503.6   567.4   727.3  2234.3  6705.4  25822.0    25710
read      348.3   255.0    68.9   121.5   143.1   316.8   396.7   442.5   476.7   520.3   580.9   675.8   880.9  1968.1  9144.1  79968.5    79937
read      272.2   427.0    74.4   128.9   148.5   251.1   285.9   303.4   315.5   331.4   352.9   392.4   557.5  5627.8 19797.3   7300.5     7271
read      465.7   584.3    68.9   131.5   161.2   365.4   445.9   498.3   544.6   617.0   744.6  1191.7  2135.1  6811.1 20457.3  85506.5    85861
read      437.3   938.5    68.9   128.1   155.8   350.5   424.8   468.0   503.7   554.0   641.6   789.1  1811.4 11328.0 36570.6  91447.5    91467
read      404.7   699.5    68.9   119.8   141.4   323.2   404.6   452.8   489.1   535.2   605.6   780.4  2028.6  7751.9 31981.8  72383.0    72217
read      361.0   612.0    68.9   116.1   134.1   309.9   371.5   411.1   443.0   483.1   533.4   634.8  1229.9 10639.1 27374.3  31234.5    31080
read      392.4   648.0    68.9   121.1   144.0   328.3   410.1   457.1   492.8   536.9   601.7   724.3  1618.7  7250.6 36650.9  76861.0    76878
read      388.7   527.2    68.9   125.2   149.3   337.2   417.6   462.9   497.4   541.0   607.5   729.7  1312.7  6705.0 19375.3  84760.5    84584
read      410.0  1159.5    74.4   114.4   133.6   299.2   368.5   418.3   461.2   510.9   567.2   656.6  2977.6 20876.6 37349.2  12535.5    12492
read      424.1   684.0    68.9   124.2   146.4   336.3   423.2   473.0   510.5   561.1   637.2   911.9  1958.4  7285.3 31696.5  56871.5    57106
read      391.0   475.7    63.8   125.6   151.5   335.9   415.0   458.7   493.2   540.0   612.7   749.1  1519.9  5921.4 12522.5  96445.5    96245
read      391.5  1318.8    74.4   117.3   146.7   272.6   316.3   341.4   360.5   383.7   418.4   505.0  3161.5 28363.9 36988.2   6747.5     6791
read      490.3  1085.4    68.9   133.6   165.8   361.7   436.1   486.3   531.4   598.0   692.0   867.3  2943.5 12779.6 38353.8  90184.5    90728
read      388.5  1435.1    74.4   126.3   152.5   252.0   295.1   317.9   334.7   355.0   386.1   483.6  3222.6 30923.1 32519.0   5152.0     5151
read      457.9   724.1    68.9   128.8   154.8   346.4   427.8   480.3   525.7   589.9   692.4   993.1  2481.8  8715.6 29449.4  82460.0    82969
read      342.9   320.5    68.9   120.7   139.9   314.5   383.6   421.8   450.9   487.3   534.1   609.1  1027.3  3421.3  7981.5  42842.5    42635
read      343.8   272.9    63.8   122.7   146.1   313.5   387.7   431.2   464.3   504.6   562.4   659.2   855.5  1844.4  8655.2  99053.5    99337
read      344.1   212.9    63.8   122.2   145.1   313.8   388.9   433.2   466.9   508.2   567.7   665.6   895.8  1900.3  6454.6  95203.0    95192
read      362.3   370.3    68.9   124.5   146.3   331.6   414.2   460.1   493.8   535.1   588.5   677.0   880.6  2795.3 12100.6  69260.5    69200
read      335.5   217.1    68.9   121.2   141.7   317.2   388.7   428.4   458.4   494.5   541.2   607.4   795.7  2648.8  6746.0  49489.5    49459
read      340.9   428.2    68.9   115.2   132.9   288.9   362.7   410.0   447.2   489.6   540.9   670.0  1084.7  5610.6 12520.4  29133.5    29055
read      363.9   397.0    63.8   120.4   141.2   317.2   397.8   442.4   475.9   517.9   573.0   661.0  1492.6  3954.6 15091.9  64329.5    64324
read      370.2  1056.3    80.4   133.1   157.7   269.0   308.1   329.9   345.8   367.6   397.0   467.2  3049.9 12850.6 31837.1   5704.5     5705
read      416.4   553.0    68.9   126.7   151.6   342.8   426.0   476.7   518.4   573.2   654.7   812.9  1859.9  7358.7 13784.9  83973.5    84816
read      427.1   759.3    68.9   117.6   136.7   310.6   411.6   479.2   534.7   619.0   749.6   903.3  2404.6  7961.4 30894.3  23679.5    23714
read      352.4   420.7    68.9   118.0   138.8   312.3   391.2   437.0   471.2   513.1   569.2   656.4  1004.2  4098.2 19276.6  74091.5    74116
read      380.8   825.5    68.9   119.3   137.9   299.9   372.0   415.3   446.6   483.0   531.6   663.5  1819.6  8835.0 34089.6  19960.0    19948
read      353.5   524.2    68.9   118.1   137.3   311.1   381.3   422.5   454.1   492.9   543.0   626.9  1364.0  4522.6 33135.2  44129.5    44213
read      387.7   839.4    68.9   110.7   128.3   286.0   365.2   422.8   476.4   553.8   654.4   784.2  1796.4  7904.0 38294.7  19409.5    19454
read      440.5  1542.9    74.4   114.9   140.6   281.3   328.3   353.8   373.1   399.8   435.5   514.4  5931.6 31204.0 37752.6   7288.0     7190
read      395.7   603.3    68.9   120.4   140.8   314.4   390.0   435.0   473.0   520.9   588.6   874.4  1816.0  6335.1 29884.7  47581.0    47657
read      357.9   425.8    68.9   121.9   142.3   323.2   395.1   433.2   462.2   497.5   543.9   621.8  1022.5  5846.0 19039.4  44389.0    44399
read      479.2  2023.1    74.4   122.2   149.4   269.7   314.2   338.2   356.6   379.9   412.1   508.1  4783.3 36290.6 37771.7   6442.0     6481
read      475.5  1850.2    74.4   124.4   155.9   276.9   317.9   340.8   358.0   378.6   414.3   532.9  6505.9 35495.0 54161.5   5737.5     5807
read      457.6   722.9    68.9   129.9   157.8   355.9   438.8   491.1   533.9   597.1   699.4   945.4  2161.2  8281.9 30707.0  82800.5    83137
read      360.1   827.6    68.9   113.8   133.9   287.3   341.5   375.4   402.8   434.6   476.7   540.5  2086.8  8044.3 33901.2   9708.0     9580
read      398.4   783.2    68.9   114.7   133.7   304.1   373.1   418.5   456.5   506.3   592.6   953.3  1798.0  9703.5 32252.5  37331.0    37385
read      347.4   350.8    68.9   118.8   137.5   308.7   375.6   420.8   456.5   498.4   549.5   657.2  1166.5  2876.9  9690.4  33704.0    33706
read      344.2   335.0    68.9   118.0   136.5   308.4   383.3   430.2   467.0   507.4   553.0   622.1  1002.9  4647.3 12893.5  35116.5    35204
read      368.5   465.7    68.9   122.9   143.1   325.1   399.4   441.6   473.6   514.9   566.3   642.0  1367.4  7084.8 12811.1  50330.5    50438
read      371.8   370.5    68.9   123.7   144.2   332.0   409.1   452.5   485.6   527.2   579.9   663.6  1463.7  3884.6 12016.5  48799.0    48878
read      361.4   399.6    68.9   120.3   140.1   322.2   395.1   437.9   471.3   513.4   565.4   640.6  1374.4  4457.9 12691.1  42917.0    42682
read      329.7   276.3    74.4   117.6   135.6   299.2   373.3   420.4   453.4   488.7   529.4   586.9   862.2  2751.5 13043.9  27521.5    27416
read      373.1   482.1    68.9   121.0   142.3   320.0   399.8   445.6   480.3   523.0   578.1   663.4  1588.4  5908.1 19004.6  64554.5    64424
read      371.2   370.8    68.9   121.9   143.0   321.2   403.8   451.2   487.5   532.3   589.6   690.1  1577.0  3669.7 12445.0  64450.0    64364
read      434.3  1548.4    86.8   138.3   162.7   277.8   318.0   340.3   357.7   379.6   416.9   495.9  4145.2 31292.5 37491.1   5545.0     5481
read      383.1   599.7    74.4   120.0   139.7   310.4   392.8   445.1   482.3   528.8   598.7   831.6  1421.3  6870.5 31555.7  26080.5    26227
read      334.6   434.6    68.9   117.9   135.5   291.5   359.2   402.3   433.9   468.6   510.5   582.4  1071.1  6603.7 14874.6  26706.5    26586
read      362.1   292.3    63.8   125.1   148.3   330.2   410.7   456.7   490.4   531.6   590.2   692.8   944.4  2909.5  8586.6  85948.0    86286
read      314.3   296.6    68.9   116.0   134.4   293.2   347.7   383.0   410.4   445.3   489.0   546.9   838.6  2679.8 12033.6  24610.5    24452
read      355.4   848.7    68.9   114.4   131.6   293.2   350.5   387.6   416.6   452.3   497.2   571.3  1186.8 11542.5 39518.3  26968.0    26832
read      316.6   362.0    63.8   113.7   131.2   293.2   348.3   382.4   411.0   446.6   490.6   550.5   848.3  2793.3 17614.8  29847.0    29795
read      356.6   555.1    68.9   119.4   139.0   317.2   386.5   424.6   453.9   490.0   536.2   612.0  1211.8  8355.9 28211.2  46336.0    46224
read      383.6   345.7    68.9   124.2   147.2   328.0   406.7   454.3   490.0   537.0   608.7   744.9  1781.6  3881.7  7885.2  84484.0    84587
read      364.4   359.1    68.9   121.4   142.6   314.3   391.7   434.5   467.3   507.8   563.6   678.6  1605.4  3380.5 11381.1  63262.5    63389
read      341.6   412.5    68.9   116.3   135.5   304.6   371.9   408.9   437.3   473.7   521.4   592.9  1130.4  6343.4 10725.0  46984.0    46953
read      353.8   273.2    68.9   122.6   145.9   318.7   397.5   444.5   480.5   524.6   586.8   686.7   922.2  2181.7  8678.7  90999.5    90536
read      280.3   280.4    68.9   118.3   135.5   271.6   314.3   336.0   351.3   370.0   397.0   443.8   576.0  2797.6 13426.8  12581.5    12508
read      330.4   297.8    68.9   118.1   136.4   306.6   371.2   411.7   442.0   479.7   526.5   598.5   809.3  2070.8 12758.0  38248.0    38491
read      388.1   526.9    68.9   126.6   152.7   338.2   419.4   466.8   503.1   548.9   619.7   744.5  1065.0  6388.4 30178.3  97899.5    97806
read      292.4   415.8    63.8   117.4   134.0   266.9   309.6   331.0   345.9   367.5   398.3   458.1   706.8  6380.2 22516.1  11776.0    11813
read      430.9   706.1    68.9   115.8   135.9   320.5   398.7   456.4   505.8   575.1   756.9  1175.5  2068.2  6496.3 35177.1  39728.0    39665
read      378.8   526.3    68.9   121.0   142.0   328.9   404.7   446.6   477.9   515.3   567.3   667.1  1601.9  5817.8 21027.2  53517.5    53571
read      369.4   409.1    63.8   121.2   142.1   319.6   398.7   442.6   474.7   515.1   570.9   686.0  1604.8  4878.5 12714.3  63159.5    63215
read      421.1   484.1    68.9   122.8   146.9   344.9   424.7   471.4   510.5   568.4   660.0   881.6  1953.6  5017.1 13312.6  79240.0    78767
read      432.6  1550.0    74.4   118.1   139.2   286.8   337.3   371.2   400.9   436.2   490.4   593.0  4133.8 29119.8 50793.6   8561.5     8615
read      458.3   609.2    63.8   122.9   146.0   330.5   417.0   471.6   522.6   598.4   780.1  1491.6  2282.5  6426.7 18312.2  67366.5    67903
read      406.9   915.6    68.9   116.0   134.8   295.3   363.9   410.1   451.8   516.5   621.8   780.7  3274.9  7974.5 37012.7  16502.5    16398
read      461.3   616.5    68.9   123.5   146.2   333.9   425.9   483.8   532.2   611.3   826.5  1387.4  2192.9  7278.3 26072.4  53158.0    53434
read      359.7   505.7    74.4   118.8   137.7   319.0   385.5   423.8   454.0   492.0   541.0   632.0  1319.4  6824.4 14384.0  38051.5    38068
read      469.0  1617.2    74.4   115.5   133.8   280.2   330.0   363.1   391.6   429.2   485.7   592.4  6191.1 30998.4 38421.8   9200.0     9130
read      539.9   877.5    68.9   132.3   161.9   363.0   451.3   516.5   576.1   674.0   936.8  1659.2  3071.7  9775.4 31398.8  68722.0    69227
read      367.9   480.4    68.9   120.8   140.6   324.8   393.4   432.8   463.0   501.6   549.9   634.5  1405.5  7523.4 13414.0  37589.5    37496
read      426.9   787.9    68.9   127.8   153.7   345.7   424.2   470.8   508.4   558.2   635.2   772.5  1876.8 12193.6 31478.6  84062.5    83925
read      368.7   372.8    63.8   124.3   144.9   329.7   408.4   451.5   484.0   523.8   577.3   671.3  1319.6  3630.4 14618.7  50999.0    51037
read      344.0   312.9    68.9   120.4   139.2   315.3   380.9   420.9   453.5   493.9   542.9   622.7  1096.0  2653.8  9965.7  33783.0    33690
read      377.6   568.2    68.9   124.5   145.5   331.1   409.5   452.6   483.7   521.8   572.4   655.9  1472.3  5436.5 30969.5  51626.5    51474
read      375.9   484.2    68.9   121.5   143.0   327.5   409.1   456.7   492.2   534.1   592.9   704.4  1358.5  4752.0 19134.5  73450.0    73708
read      365.6   314.8    68.9   126.0   150.5   328.3   405.1   451.8   486.9   531.0   592.6   701.4   974.2  3363.4  9124.8  98593.5    98618
read      387.8   624.7    68.9   119.5   141.8   318.0   393.3   437.7   471.7   516.4   581.6   695.0  1876.2  7767.5 30836.7  82027.0    81977
read      410.7   832.4    63.8   126.5   152.0   338.8   416.3   463.7   501.0   549.5   624.8   741.8  1221.1 11721.2 35682.2  91148.5    91567
read      371.3   476.1    68.9   121.1   141.4   328.0   401.4   442.8   473.5   511.9   562.6   652.4  1461.2  7152.4 21079.8  48219.0    48236
read      433.4   436.7    63.8   133.9   162.6   370.4   451.1   497.2   535.2   589.8   686.0   890.3  1864.3  4513.8 13825.8  91193.5    91726
read      367.3   425.0    74.4   124.1   143.9   330.2   407.4   452.3   486.6   529.2   582.2   665.9  1322.7  3596.2 12677.7  52467.5    52458
read      347.8   317.6    68.9   122.5   143.4   316.6   395.8   441.5   475.2   517.3   570.9   643.0   866.0  2383.7 15655.9  70291.5    70467
read      336.1   208.7    68.9   121.2   141.7   312.6   388.7   432.1   464.8   503.9   554.1   626.5   797.4  1660.2  7145.8  70981.5    71151
read      329.6   190.1    63.8   120.6   140.4   310.7   387.3   429.2   459.9   496.3   541.1   606.5   738.3  1031.4  7837.4  65009.0    65016
read      346.1   453.5    63.8   119.2   137.7   311.0   384.7   428.4   461.8   500.2   545.7   622.6   852.9  4293.0 30255.2  42382.5    42057
read      378.2   368.0    68.9   121.6   144.4   321.2   402.1   451.2   487.8   534.8   602.9   733.5  1688.1  3948.3 10611.6  79069.5    78821
read      355.9   453.7    63.8   120.4   140.9   312.2   388.0   428.5   458.7   495.8   544.0   625.2  1431.4  4979.2 14860.9  60914.5    60720
read      345.0   343.7    68.9   119.1   137.9   315.2   382.9   421.0   450.4   487.6   535.6   614.5  1162.3  3094.6 12537.1  39895.5    39911
read      364.1   839.5    68.9   110.6   128.1   283.7   339.4   374.7   404.5   440.7   489.0   562.2  2793.2  8087.0 30060.4  10735.0    10628
read      393.8   540.2    68.9   121.2   143.7   317.3   397.5   445.5   483.5   531.0   593.8   733.4  2220.8  7426.2 12605.3  73245.5    73736
read      413.4  1220.4    74.4   136.8   161.3   297.9   342.4   370.7   392.1   418.7   456.5   531.1  3219.9 24897.0 37354.9   7241.0     7334
read      420.4   525.7    63.8   130.8   156.8   352.1   431.7   477.6   516.8   573.1   659.5   832.9  1861.7  6605.1 16159.0  90923.0    91868
read      352.1   398.5    68.9   122.3   142.8   318.9   396.7   443.1   478.1   522.1   579.2   663.1   864.9  2695.5 18038.7  76679.0    76670
read      474.0  1403.3    74.4   131.2   152.0   316.2   377.0   414.9   447.6   492.2   556.6   687.9  4880.7 28692.4 32503.8  10507.5    10405
read      405.9   788.2    68.9   126.6   147.2   333.6   413.9   465.3   501.9   544.4   601.8   735.9  1378.5  9476.4 36858.3  26097.5    26019
read      349.3   277.8    68.9   121.1   141.2   316.7   393.7   436.9   469.5   510.2   561.0   637.8  1062.9  3075.1  9305.0  55468.0    55530
read      329.3   455.3    68.9   116.1   133.3   297.5   368.6   416.1   449.9   486.8   529.7   588.8   894.5  2670.0 19777.5  29731.0    29615
read      371.3   362.4    68.9   123.1   144.4   322.3   405.3   454.5   491.6   535.6   589.8   687.4  1476.2  3517.1 11044.5  66225.0    66057
read      366.5   409.7    68.9   123.7   143.9   324.1   401.7   446.2   479.2   520.2   573.7   657.9  1442.5  4262.3 13315.5  55329.0    55281
read      452.7   983.8    68.9   118.7   139.0   317.4   426.9   507.1   586.4   686.1   785.9   916.9  2687.6  8426.5 40763.1  21028.5    21177
read      455.8   915.2    68.9   128.7   156.0   345.5   418.5   465.3   506.0   566.4   659.8   813.0  3014.8 10283.6 36249.5  88014.5    88239
read      365.9   414.2    68.9   118.9   139.8   325.8   406.1   451.5   484.4   524.4   579.3   675.2  1025.8  4706.4 13942.0  70309.0    70227
read      375.4   784.1    68.9   113.6   131.6   299.5   363.6   403.8   437.4   483.2   543.3   754.1  1604.7  9147.5 31782.7  23468.0    23421
read      409.6   828.5    68.9   126.5   154.2   344.3   420.4   464.0   497.8   543.7   617.2   744.0  1099.7 12193.0 47957.1  96918.5    97104
read      375.4  1026.5    74.4   123.9   151.0   275.1   320.1   344.9   363.5   386.5   421.6   502.5  3158.6 11564.9 32095.9   6222.5     6235
read      403.7   640.3    68.9   122.0   142.8   318.8   400.2   449.5   488.8   539.9   612.1   846.7  1868.1  7846.5 31502.4  57723.5    58045
read      368.1   542.1    68.9   118.9   137.1   300.3   379.8   429.2   466.1   509.4   571.7   742.5  1425.4  5766.3 28432.6  23855.5    23729
read      517.1   979.9    68.9   124.1   146.0   328.0   428.8   515.3   600.3   813.3  1083.1  1360.2  2878.2 13241.7 32053.7  40742.5    40897
read      376.5   473.9    68.9   122.4   143.3   326.1   405.5   451.3   486.9   531.1   588.4   692.4  1533.4  5558.2 11920.7  53032.5    53312
read      386.9   524.6    68.9   125.0   148.8   333.0   416.9   464.0   499.7   545.8   613.2   728.8  1261.4  5969.6 21350.4  87394.0    87262
read      377.2   493.8    68.9   123.7   146.1   327.9   409.7   454.6   488.9   533.3   594.5   705.2  1071.6  7286.0 17344.6  81983.0    81836
read      424.6   566.4    68.9   133.3   161.6   362.2   440.7   487.0   526.3   582.3   672.0   827.4  1784.5  5490.0 28871.0  92307.5    92274
read      357.1   510.6    63.8   120.8   140.1   318.8   391.4   432.6   463.8   502.7   551.7   629.5  1273.7  4209.7 26449.7  47364.0    47252
read      392.9   630.0    68.9   124.1   146.2   327.2   408.6   456.1   492.7   540.1   607.5   735.8  1685.8  7087.4 35428.8  75845.5    75747
read      411.8   530.3    63.8   126.9   151.2   337.2   417.9   468.2   507.4   560.8   639.4   805.6  1881.0  6446.7 21744.9  81191.0    80994
read      394.6   627.1    68.9   127.6   153.6   335.8   411.4   455.8   491.2   538.2   611.3   732.6  1113.5  8675.5 29494.6  98641.5    98224
read      361.7   938.4    74.4   121.7   144.5   284.2   332.9   361.3   383.8   412.8   450.8   517.2  2054.7  7949.0 31858.9   7761.5     7737
read      388.5   481.2    68.9   121.1   140.8   321.2   396.8   444.3   484.3   534.3   610.7   925.6  1566.4  4593.5 24378.8  37529.5    37514
read      411.9  1130.4    74.4   117.9   137.2   308.0   375.2   419.8   452.8   492.0   539.4   616.4  2706.5 12482.3 36366.5  10586.0    10640
read      398.0   497.2    63.8   126.6   151.3   337.2   413.7   458.5   495.4   545.4   624.9   775.7  1819.7  5059.7 18246.9  90197.5    90490
read      344.3   342.6    63.8   121.6   142.8   308.6   384.0   428.9   464.5   509.4   570.7   666.2   880.2  2343.2 15155.6  92370.5    92514
read      362.8   411.6    63.8   123.5   146.6   321.1   399.5   446.2   481.4   526.7   588.1   690.8  1005.3  3940.3 13092.6  89144.5    89245
read      410.1   524.8    68.9   127.2   150.7   340.1   428.2   481.3   520.5   570.4   641.4   791.6  1969.9  5064.9 21717.6  73822.5    73823
read      370.4   478.8    74.4   123.2   143.0   327.4   402.0   444.6   476.7   517.9   570.3   651.0  1328.2  5654.2 17079.8  46890.0    46565
read      425.4   706.3    68.9   119.8   139.3   316.5   420.5   494.3   566.4   665.2   767.8   889.8  1727.4  7449.0 31763.7  21313.5    21419
read      432.0   766.7    68.9   124.5   147.5   328.3   410.9   459.9   499.5   551.8   635.5  1039.8  2224.7  8982.9 31619.5  66939.0    66915
read      358.5   512.5    68.9   120.2   138.8   319.7   383.4   422.9   454.6   494.4   542.6   619.9  1157.2  6781.4 29142.9  31536.5    31667
read      390.0   425.1    68.9   123.2   145.6   326.2   407.3   455.4   492.3   539.0   606.5   740.1  1875.2  4328.3 12445.4  72376.0    72255
read      448.2   767.0    68.9   136.8   169.0   384.0   464.0   505.6   540.3   590.8   687.9   865.1  1221.9  9032.8 31436.7  99828.0    99535
read      371.6   988.3    74.4   114.2   135.3   280.9   333.4   367.7   393.3   424.0   465.3   540.9  2752.2 12669.0 35370.9   9129.0     9226
read      427.7   604.3    68.9   120.1   142.8   330.9   412.5   463.5   504.6   560.9   659.5  1089.6  2106.3  5848.2 26309.9  67622.5    67844
read      397.6   589.3    63.8   120.3   142.1   328.6   411.9   458.0   493.7   538.1   603.3   742.6  1786.1  7363.0 30641.5  71258.5    71413
read      423.5   635.3    68.9   127.6   154.7   350.4   423.0   465.3   501.8   559.6   658.5   821.4  1913.6  8390.3 30217.1  97458.5    97328
read      367.3   361.6    63.8   120.3   140.9   328.3   406.2   448.8   479.3   518.4   571.3   666.0  1462.5  3594.0 14682.8  55137.0    55113
read      351.9   297.6    68.9   119.3   139.4   322.4   396.8   437.2   467.6   504.5   553.8   632.7  1046.4  3377.6  8006.8  53779.0    53743
read      479.9  1446.2    68.9   111.1   129.7   315.0   405.5   480.7   537.3   594.9   669.1   783.4  3169.4 29550.5 37275.8  15277.5    15253
read      478.3   727.1    63.8   136.9   170.3   379.8   460.7   511.9   560.2   631.8   743.7   940.9  2266.9  8455.2 31532.2  90588.0    90605
read      346.8   444.2    68.9   116.5   134.7   307.4   367.0   404.0   434.2   473.0   519.6   595.2  1165.0  6223.5 20422.5  25724.0    25767
read      384.8   488.9    68.9   125.0   149.6   332.3   413.1   459.7   495.8   542.8   615.2   741.6  1247.8  5451.5 28195.8  93603.5    93458
read      347.4   319.4    63.8   122.6   144.9   313.8   388.7   432.8   467.3   510.1   571.9   665.6   873.5  2422.1 11507.2  95605.0    95080
read      360.4   303.2    68.9   124.1   147.3   326.5   404.0   450.7   485.8   529.8   590.7   693.6   923.9  3163.5 12005.4  88304.5    88399
read      417.6   615.0    63.8   127.1   154.1   354.9   439.7   486.8   522.6   572.0   654.1   820.0  1512.6  7255.7 30429.5  95862.0    95681
read      345.1   298.7    68.9   115.3   133.7   315.0   378.7   418.4   451.0   491.0   539.4   626.8  1139.0  3833.5 10421.3  32948.0    33003
read      387.7   452.4    68.9   126.5   151.6   338.9   420.8   466.0   501.9   548.7   626.0   766.0  1102.4  5816.4 20865.5  98872.5    98809
read      358.5   458.7    68.9   122.3   143.3   321.8   400.7   445.8   478.5   518.5   569.4   649.5   925.4  5206.6 19070.6  64693.5    64610
read      365.9   502.5    68.9   119.5   138.8   310.1   382.9   426.8   462.2   505.0   558.8   660.0  1682.4  4800.3 15761.9  51327.0    51183
read      430.3   863.4    74.4   122.9   142.7   319.4   412.7   468.4   514.8   587.4   709.3   860.4  2551.4 10576.8 31824.2  20170.0    20194
read      482.9  1656.9    80.4   130.4   155.9   299.2   346.5   374.6   396.8   424.0   461.4   546.9  7431.3 31387.9 42583.2   7622.5     7602
read      354.6   474.2    68.9   118.1   136.8   307.8   380.8   423.5   456.1   494.8   544.2   620.0  1460.4  6111.5 16716.3  46573.0    46677
read      398.6  1448.9    74.4   131.0   154.6   262.2   304.1   326.3   343.3   365.8   401.4   495.1  3221.7 30081.6 32497.6   5552.5     5577
read      362.9   617.0    68.9   113.1   130.0   291.2   359.9   404.3   439.4   483.0   546.7   724.7  1565.1  8163.6 30950.1  23068.0    23035
read      360.8   430.2    68.9   121.1   141.5   315.3   391.1   432.5   463.8   502.3   553.3   642.1  1404.1  5845.5 10075.5  57336.5    57516
read      354.9   260.0    68.9   123.7   144.8   324.7   403.6   447.5   480.2   521.2   572.7   658.2   990.5  2439.3  9139.5  62651.0    62851
read      338.1   405.1    68.9   115.9   134.3   306.3   370.1   408.1   438.7   476.0   524.5   598.0  1176.6  3937.4 11386.6  38231.0    38431
read      334.4   437.2    68.9   115.0   132.8   295.1   359.6   400.4   433.3   470.9   517.1   598.4  1081.4  4160.1 18457.1  25554.0    25729
read      391.1   604.0    74.4   114.9   133.0   297.5   385.1   444.7   499.2   571.2   655.7   782.3  2436.0  7464.2 21429.3  19306.5    19443
read      468.7  1223.8    68.9   118.8   137.4   313.9   419.1   501.7   570.5   645.5   727.1   833.0  3556.5 20260.7 37309.0  19464.5    19461
read      366.6   452.9    68.9   120.4   139.8   316.0   386.9   429.0   462.6   504.0   558.3   665.1  1505.3  5918.5 24178.2  42156.5    42341
read      346.2  1054.6    74.4   130.7   155.4   266.7   306.9   327.4   342.2   362.3   391.2   447.8  1621.9 19660.8 34991.7   5775.0     5691
read      396.5   664.4    68.9   116.4   135.4   302.8   373.6   421.6   462.3   519.5   621.3  1046.3  1619.7  8229.8 30121.0  39925.5    40223
read      340.4   483.9    68.9   114.6   132.4   302.7   363.1   400.3   431.2   468.2   511.4   582.8   996.7  6687.8 12900.5  30080.0    29941
read      335.1   238.6    68.9   118.3   136.9   318.3   385.5   423.3   452.6   488.3   532.7   598.4   839.5  2127.5 11243.3  41160.5    41162
read      343.4   413.3    68.9   117.9   136.3   314.5   383.4   421.7   450.8   487.0   534.8   611.1  1066.6  3149.2 16524.4  44023.5    43863
read      426.2   832.1    68.9   115.0   135.0   307.4   398.1   465.7   528.0   620.1   726.2   852.4  2300.8  9189.3 31709.1  20301.5    20318
read      446.9   846.0    68.9   129.8   159.0   352.6   430.4   478.3   518.1   574.9   661.0   819.8  1941.5 10262.6 35178.5  93789.0    93421
read      365.1   568.5    68.9   118.5   138.0   320.4   393.7   433.8   464.7   502.4   551.0   638.3  1292.7  6934.7 32675.0  48551.5    48578
read      354.7   407.1    68.9   119.8   138.8   325.2   393.6   431.9   461.1   498.1   545.8   622.0  1163.4  3689.6 13859.8  40432.0    40595
read      419.4   940.7    63.8   110.1   128.0   298.2   382.4   444.7   501.7   570.4   655.5   781.8  3359.1  9887.3 32011.9  17760.0    17677
read      426.7   637.9    68.9   123.7   147.2   334.2   417.5   468.2   509.1   568.8   663.1   941.8  2011.8  6942.9 29991.2  78607.5    78948
read      393.1  1010.1    74.4   120.5   143.8   309.8   368.7   406.5   434.6   469.4   509.6   576.0  1930.3  8873.0 35225.4   9823.5     9703
read      417.9   934.0    68.9   132.0   156.2   324.3   387.3   422.5   447.4   475.9   513.9   577.6  3138.9  8596.3 31580.0   9798.0     9686
read      494.6  1562.7    80.4   141.2   167.4   320.6   374.3   404.0   427.6   455.3   493.8   580.4  6873.7 30540.2 32446.3   7911.5     7968
read      468.9  1113.7    74.4   123.2   143.7   340.1   434.2   497.9   539.8   585.1   639.1   734.0  4015.8 14937.8 36310.6  15785.0    15830
read      509.6  1750.0    74.4   132.8   157.2   302.1   353.6   383.1   404.2   432.2   470.3   567.9  6921.2 31525.1 40499.2   8110.5     8192
read      493.7   916.7    63.8   130.2   156.7   351.9   434.8   490.9   539.4   613.4   739.7  1437.6  2772.9 12646.7 32692.1  79032.5    79410
read      400.2   706.8    74.4   123.9   146.5   330.0   411.5   457.7   492.0   535.7   598.8   718.6  1660.0  8366.3 29895.6  76884.0    76582
read      344.3   338.1    68.9   119.7   139.4   309.9   383.6   421.7   450.3   486.3   533.3   607.3  1224.4  4032.1 10272.2  54416.0    54634
read      385.1   668.0    74.4   121.8   143.8   322.1   402.4   449.5   483.8   526.5   584.4   689.8  1478.2  9830.3 32152.2  71948.0    72177
read      433.9  1071.5    68.9   116.2   134.5   311.5   397.3   463.1   514.9   574.6   646.0   748.1  2812.9 12615.6 32080.6  15127.5    15101
read      476.9  1629.6    74.4   121.5   145.3   296.6   348.6   378.9   401.3   429.2   467.2   546.8  6424.3 29947.5 35649.3   8138.5     8167
read      369.8   569.3    68.9   121.8   140.9   319.4   393.2   435.1   467.5   507.3   559.0   643.9  1409.8  6731.2 28777.8  43992.0    44130
read      365.4   294.1    63.8   125.9   146.1   329.6   407.7   451.3   483.9   526.3   582.0   670.2  1338.0  2739.4  7706.8  52928.5    53047
read      365.2   443.0    63.8   123.8   147.8   320.1   398.7   444.6   479.9   523.4   582.9   687.5   983.3  5367.2 12732.2  97678.5    97171
read      407.8   580.8    68.9   126.2   150.6   339.0   422.1   472.8   514.7   568.6   643.7   780.7  1764.4  6173.6 26754.5  81409.5    81360
read      417.1   573.2    63.8   125.2   149.4   339.0   422.6   473.2   513.6   567.8   644.4   821.1  1943.3  5702.4 23283.6  77033.0    77277
read      353.4   521.0    63.8   117.6   137.2   318.9   384.1   422.5   452.4   488.5   534.6   607.2  1083.6  5334.2 30579.5  38252.0    38294
read      413.5  1066.9    74.4   112.7   132.0   300.1   364.2   411.1   448.3   490.7   538.0   614.7  3243.1 14972.4 35821.5  11288.5    11165
read      436.4   725.0    68.9   124.0   147.8   338.4   424.6   475.7   515.9   571.0   654.7   846.3  2602.1  9486.9 31105.4  74169.0    74155
read      402.4  1072.3    68.9   109.8   126.9   298.9   372.4   425.5   462.8   502.4   547.0   624.8  2950.6 10052.0 36721.5  12161.5    12255
read      378.4   552.6    63.8   117.8   138.5   319.0   392.1   432.9   463.9   501.3   549.8   653.2  1883.6  6327.0 29036.1  52091.0    52404
read      394.0   761.1    68.9   110.6   129.4   297.3   375.9   436.4   494.2   560.7   641.6   750.6  2222.9  7725.6 31613.2  17017.0    17057
read      431.7  1650.5    74.4   117.9   146.4   260.2   302.3   324.9   342.1   365.6   398.0   486.2  4675.9 31221.6 37091.2   6014.5     6005
read      463.2   698.0    68.9   132.9   161.9   367.3   449.4   497.9   539.8   604.7   712.2   918.6  2512.2  8455.9 28963.2  85163.5    85707
read      404.9   516.4    63.8   123.8   147.2   339.4   422.3   469.3   505.1   551.2   628.3   790.2  1808.2  6517.6 14984.7  80070.5    79742
read      373.9   336.6    68.9   119.4   140.3   325.4   405.9   450.9   483.8   524.4   582.3   711.0  1578.2  3086.5 10092.9  58433.5    58322
read      349.3   642.7    68.9   114.7   132.9   299.9   358.3   396.3   426.6   463.7   506.6   579.2  1225.2 10636.8 31229.7  26119.5    26212
read      377.0   603.8    68.9   119.6   141.1   324.6   404.2   449.6   482.5   521.8   577.5   684.0  1316.5  6669.9 31645.7  69586.0    69487
read      326.2   250.0    68.9   114.4   132.6   305.0   364.4   400.4   431.0   468.6   515.5   588.0   920.7  1730.7 12062.3  29460.5    29507
read      374.4   388.1    68.9   121.0   142.1   334.1   412.7   454.0   484.2   521.9   572.7   664.4  1497.9  4779.4 15231.6  51544.5    51412
read      386.2   461.1    68.9   125.6   147.4   329.2   410.5   456.1   490.2   533.1   590.3   704.3  1760.1  5458.9 15702.8  67354.0    67374
read      369.7   479.7    68.9   125.2   145.9   323.8   399.5   438.7   468.9   505.9   556.5   641.2  1483.5  7699.3 12882.1  54931.5    55125
read      347.4   255.0    63.8   124.5   144.0   313.8   386.9   427.4   457.2   494.0   544.1   625.4  1377.8  2785.9  6116.8  53597.5    53048
read      445.1  1426.3    68.9   117.4   135.4   303.7   372.5   421.5   461.7   508.0   561.3   642.1  4301.0 30848.0 36797.8  12153.5    12192
read      392.9   597.7    68.9   121.6   141.0   314.3   385.8   431.6   469.8   521.2   593.2   885.2  1714.6  6737.3 30742.1  35890.5    36138
read      360.0   550.7    68.9   123.9   143.8   314.7   390.9   433.0   464.2   502.3   550.5   628.3  1296.5  5151.5 30834.8  60580.0    60799
read      347.0   279.3    68.9   120.6   139.1   312.3   388.2   436.0   472.0   513.7   562.1   631.0  1167.2  2958.0 10169.4  36100.5    36368
read      335.6   256.3    68.9   120.4   138.6   308.6   379.7   423.6   458.8   499.6   546.7   615.4   907.4  2070.7  8815.0  39648.0    39729
read      393.0   528.0    68.9   129.8   153.8   331.9   411.3   458.9   496.1   544.9   615.6   740.4  1523.9  7055.3 22975.1  95517.0    95693
read      341.0   316.2    68.9   117.2   135.7   306.4   379.1   425.0   459.9   501.0   548.4   622.1  1191.2  2824.9  7209.3  40857.0    40999
read      371.2   480.7    68.9   122.9   143.2   324.1   405.0   451.7   486.4   528.8   583.2   672.4  1261.1  5799.4 15829.1  65132.5    65037
read      432.0  1270.6    74.4   115.2   134.0   306.3   373.5   422.4   463.9   514.0   573.0   680.9  3120.4 21168.0 39879.5  12590.0    12633
read      364.1   515.8    63.8   114.7   134.0   300.5   370.6   410.1   442.3   482.6   537.9   681.9  1748.6  5491.6 18892.4  50303.0    50117
read      364.8   430.9    68.9   121.4   142.3   317.0   394.0   436.0   468.6   508.1   563.8   670.6  1554.3  4556.0 16162.3  62686.5    62765
read      386.8   880.9    68.9   109.9   127.8   296.6   364.7   409.6   444.4   485.0   532.7   608.6  2853.6  9812.3 33200.5  12401.0    12379
read      375.0   462.1    68.9   121.5   141.9   319.9   395.8   440.2   475.4   520.4   578.4   692.4  1573.4  5679.5 21352.4  49551.5    49369
read      347.8   291.6    63.8   118.7   137.6   318.6   393.3   438.2   472.4   512.1   558.3   626.8   977.6  3180.0 12382.3  38942.5    39111
read      349.8   398.9    63.8   119.1   138.5   314.3   388.0   430.5   463.0   502.6   550.3   623.8  1091.6  4774.7 17071.5  52688.5    52692
read      343.0   449.3    68.9   116.8   134.8   295.3   377.3   423.3   454.0   487.0   526.3   586.4  1067.6  5803.1 17071.6  24607.5    24539
read      344.1   317.3    68.9   117.8   137.0   305.0   382.7   426.9   460.3   499.9   549.3   626.7  1294.1  3121.8 10944.7  61567.0    61591
read      369.1   562.5    68.9   121.5   141.5   322.4   399.9   443.2   476.1   517.6   569.5   649.1  1327.4  7277.5 29792.6  47890.5    47864
read      408.8  1016.7    74.4   118.4   137.1   312.4   394.4   449.0   494.8   549.7   618.7   720.0  2215.3 10891.8 37527.0  16553.0    16479
read      410.8   589.5    68.9   121.7   143.8   320.0   402.3   453.9   496.1   550.3   633.4   909.7  2059.3  6540.4 26873.9  74891.5    75268
read      377.9   945.1    74.4   122.5   146.0   291.2   342.7   373.0   398.7   430.9   474.0   551.6  2692.3 12430.4 32221.6   8768.5     8714
read      486.8  1513.4    74.4   119.9   140.2   322.4   405.7   465.4   508.4   554.3   610.3   709.6  4245.4 30494.1 40379.1  12926.5    13002
read      372.9   455.8    68.9   121.3   143.0   325.1   403.2   449.8   483.8   527.0   586.1   691.4  1182.9  4510.1 22949.0  77703.0    77147
read      342.2   331.2    68.9   117.5   137.2   310.5   379.2   418.7   448.6   484.9   533.0   612.8  1116.0  3974.4  7592.7  43594.5    43518
read      323.1   299.0    74.4   117.3   135.6   291.1   350.0   388.0   419.0   456.0   501.9   574.8  1053.0  3091.7 10984.6  27162.0    27206
read      368.7   591.1    68.9   123.0   143.7   320.0   398.5   440.6   472.2   511.4   564.1   646.9  1308.8  5486.0 26360.6  56065.0    55859
read      340.5   466.5    68.9   117.9   136.3   304.8   366.9   403.3   432.7   469.9   518.6   591.4  1066.9  6782.4 21389.7  37274.0    37448
read      339.2   361.2    68.9   117.2   136.7   307.1   373.5   411.8   440.0   477.8   528.1   606.6  1222.4  2876.7 12767.5  45425.5    45026
read      360.4   311.7    68.9   127.1   151.7   323.8   401.3   448.6   483.5   527.1   588.1   690.7   933.6  3458.0  8064.5  99950.0    99974
read      376.2   425.6    68.9   123.1   145.0   328.1   409.9   457.4   491.8   533.3   587.9   686.7  1243.0  6899.3  8764.9  64741.5    64632
read      379.0   677.2    68.9   122.1   142.8   325.3   399.5   441.0   471.0   510.4   563.6   648.3  1408.3 11034.2 31489.6  49356.5    49061
read      386.2   552.9    68.9   122.8   146.0   321.4   400.4   447.2   483.1   531.2   599.4   729.0  1698.7  7126.2 21988.9  80447.0    80418
read      428.1  1090.0    68.9   115.0   134.6   303.1   378.2   428.9   474.1   537.1   620.2   742.6  3310.2 12765.8 32244.8  16597.5    16471
read      403.6   733.3    68.9   115.5   134.3   305.0   371.4   416.8   456.9   510.2   593.3   961.4  2583.1  7331.0 32270.1  35802.5    35694
read      393.3  1007.4    68.9   114.0   132.5   294.5   366.3   419.3   465.5   518.2   580.8   680.5  2419.3  8336.0 48958.0  13883.5    13935
read      447.4   694.4    68.9   128.2   154.8   348.4   433.6   491.4   537.9   600.8   699.9   936.9  2142.6  7951.9 31324.9  79761.0    79838
read      368.4   523.5    68.9   123.0   142.9   323.1   397.4   438.0   469.7   510.4   563.4   657.1  1302.8  5952.3 16375.7  48784.0    48842
read      409.4  1048.1    68.9   113.1   131.3   294.8   371.4   423.5   469.0   533.6   621.2   753.9  2127.7 13461.0 32291.6  17724.0    17708
read      350.0   449.1    68.9   112.8   130.5   294.0   358.0   400.8   438.5   485.5   549.4   805.5  1243.6  5164.7 25328.2  31282.5    31401
read      352.4   275.5    63.8   119.9   140.0   316.5   392.9   434.3   465.5   503.0   551.4   644.0  1328.9  3162.9  7977.0  62105.5    62091
read      350.3   369.3    68.9   120.0   141.5   309.4   384.7   429.1   463.7   506.5   566.5   664.0   979.4  4052.2 10724.1  87128.0    87121
read      380.8   538.7    63.8   120.7   143.0   317.8   394.0   440.4   476.2   523.4   589.8   714.3  1736.0  6007.4 17374.6  81974.0    81929
read      330.4   251.1    68.9   115.1   133.1   301.6   369.0   407.9   440.3   480.6   528.1   601.5  1179.7  1887.8  7463.0  41969.5    42013
read      407.3   553.1    68.9   129.8   156.1   345.6   424.3   470.2   507.9   560.1   638.1   776.1  1686.1  8321.4 20040.9  90486.5    90709
read      380.3   469.3    68.9   122.7   144.4   328.2   410.1   456.9   492.8   537.7   595.9   686.9  1605.7  5347.5 23019.4  67512.5    67578
read      356.2   404.0    63.8   122.4   142.1   315.2   393.2   435.9   468.8   507.8   558.7   632.9  1289.3  4487.6 19387.5  58250.5    58116
read      364.3   424.2    63.8   120.6   141.7   313.9   394.7   440.4   474.7   518.0   575.4   670.0  1427.2  5147.4 13337.8  68873.5    68886
read      355.2   340.3    63.8   122.9   145.4   313.6   393.5   441.5   478.0   524.7   585.9   685.3   936.3  3444.1 10433.0  92929.5    93119
read      347.0   208.7    63.8   125.8   148.6   317.8   394.4   439.6   475.1   520.7   580.1   672.9   866.0  1300.6  6442.1  95595.0    95079
read      326.2   201.7    63.8   117.4   136.9   301.6   377.0   421.4   454.3   493.6   545.9   622.0   787.9  1079.1  6894.4  77277.0    77456
read      292.3   209.3    68.9   125.5   144.1   288.0   341.6   367.3   384.7   402.9   426.7   463.1   538.6  1563.6 10760.3  15723.0    15723
read      294.8   276.5    74.4   137.8   157.6   287.4   325.5   344.6   358.3   372.4   393.0   426.7   558.4  4501.3 15076.0   9909.0     9867
read      283.1   326.8    80.4   136.2   155.7   268.3   302.4   319.1   331.7   344.7   363.8   394.0   572.1  6562.5 15280.1   8215.5     8176
read      334.9   225.9    63.8   122.3   143.7   308.2   382.0   424.9   457.5   498.5   553.8   640.5   825.3  1160.2  9047.6  89876.0    89745
read      284.4   398.2    74.4   124.8   142.6   270.7   311.0   331.3   344.9   362.6   384.5   420.5   541.2  5438.8 22593.2  11122.5    11058
read      340.9   226.0    63.8   121.8   143.0   312.9   389.9   434.6   468.3   510.5   569.2   658.4   853.0  1216.3  8123.8  81657.0    81413
read      300.4   179.2    68.9   119.2   137.6   287.4   347.4   381.7   405.2   432.8   467.5   515.2   618.9  1533.2  7677.5  21486.0    21659
read      309.2   223.1    68.9   118.4   136.5   291.5   352.4   389.0   417.2   451.2   491.2   543.9   658.9  1582.1  8523.6  27048.0    27181
read      282.2   252.2    68.9   118.7   135.6   272.6   322.0   348.4   368.1   390.0   417.3   459.4   547.7  2613.8  9158.4  17383.0    17420
read      299.6   226.4    68.9   119.3   136.8   284.6   341.4   374.3   399.8   428.6   463.4   514.0   622.4  1592.6  9650.2  22937.0    23028
read      317.6   208.7    68.9   120.5   139.3   301.2   364.2   401.0   429.4   463.7   505.8   568.1   700.8  1501.6  6589.4  33759.0    33694
read      315.1   216.2    63.8   117.4   135.3   297.2   360.5   398.5   429.6   467.3   512.4   572.0   693.1  1520.6  9364.7  32747.5    32735
read      336.7   225.3    68.9   124.8   145.5   315.8   390.8   431.5   462.3   499.3   545.6   615.2   787.6  1153.1  7833.4  57818.5    57645
read      315.5   222.3    63.8   119.2   137.8   297.3   363.2   400.3   428.5   463.2   507.9   574.2   742.3  1085.5 10649.4  45334.0    45216
read      330.0   195.0    68.9   124.3   144.1   309.4   381.4   423.2   454.1   490.9   537.3   605.4   783.7  1040.0  8210.2  57817.0    57659
read      339.4   266.7    63.8   122.4   144.1   310.2   385.3   429.3   463.5   505.7   565.1   652.8   828.6  1163.2 12585.5  85179.5    85443
read      276.5   267.9    74.4   118.2   135.1   268.9   314.8   338.3   354.5   371.8   396.2   433.9   524.3  4456.8  8024.8  14486.5    14390
read      300.1   183.3    68.9   114.4   131.4   282.9   341.4   377.1   403.9   438.3   481.2   545.4   709.9  1425.0  7371.5  31476.0    31520
read      329.6   185.0    63.8   121.7   142.2   307.1   381.3   424.2   456.3   494.4   542.0   615.6   801.0  1017.6  4794.7  66999.5    67089
read      273.5   196.1    63.8   114.3   130.5   266.8   315.5   340.0   358.2   379.4   406.0   451.3   562.4  1565.9  7857.5  16680.5    16537
read      281.8   173.7    68.9   115.2   132.1   272.1   324.0   352.0   372.1   397.3   428.9   472.0   573.6  1699.3  5423.8  19225.5    18930
read      325.3   234.8    68.9   121.2   140.2   308.9   375.7   413.5   441.6   475.2   519.2   582.8   760.4  1074.2  8072.0  46671.5    46784
read      327.0   219.3    63.8   119.5   141.1   299.2   370.2   412.1   444.7   485.9   542.8   635.2   822.7  1156.6  7998.4  93502.0    93102
read      331.5   220.4    63.8   118.2   139.6   303.3   376.8   421.2   455.1   496.4   550.0   643.0   850.5  1127.0  8815.6  89459.5    89799
read      329.4   191.1    63.8   116.0   136.3   306.9   380.8   423.2   454.8   493.1   540.8   616.8   825.3  1158.5  4887.4  66360.5    66551
read      341.8   214.6    63.8   120.7   142.9   314.2   388.8   432.3   465.6   507.4   569.5   669.4   859.0  1217.2  8712.3  92994.0    93104
read      326.6   196.1    68.9   119.4   138.7   311.9   376.8   415.3   444.8   480.8   526.9   592.6   778.3   989.9  7665.5  43567.0    43768
read      322.9   214.4    63.8   117.7   137.0   301.4   370.4   408.4   437.6   474.6   524.0   594.1   821.8  1326.2  8438.9  53886.0    54006
read      327.4   192.8    63.8   118.1   138.2   304.8   376.5   418.1   449.0   486.9   536.6   612.9   812.1  1099.1  4188.5  64616.0    64618
read      326.7   202.7    63.8   117.5   138.4   300.7   372.7   415.3   447.8   488.0   540.7   627.9   808.6  1351.0  7878.3  86630.5    86482
read      334.1   270.6    63.8   116.7   137.1   306.3   380.0   423.5   455.6   495.2   546.9   632.6   839.6  1588.1 12842.4  77301.5    77459
read      325.9   228.4    68.9   118.0   138.2   307.0   375.9   414.9   443.7   479.3   525.7   590.1   771.0  1073.3  9349.2  61155.0    61365
read      316.9   189.2    68.9   117.1   136.4   300.1   367.1   403.2   431.1   465.8   510.3   578.8   769.3  1001.8  6885.3  52172.5    52346
read      332.1   192.7    63.8   120.0   140.9   305.1   380.3   424.9   459.3   501.2   556.6   641.1   819.1  1537.9  4257.6  87157.5    87286
read      288.7   194.5    63.8   117.9   136.3   279.4   336.5   366.1   386.8   410.5   440.3   485.4   577.5  1526.2  7845.6  17302.5    17384
read      326.7   201.4    63.8   120.6   142.1   299.6   371.3   414.8   447.8   488.3   543.6   629.2   806.1  1022.5  8002.5  97931.5    98165
read      330.1   191.0    68.9   121.6   142.5   310.5   382.9   423.9   454.3   490.6   537.9   609.4   781.2  1075.9  4384.6  63137.5    63330
read      272.2   385.3    74.4   132.2   153.8   243.0   275.9   296.5   310.5   326.6   349.0   398.9   736.3  5693.1 14992.1   5979.5     5866
read      318.4   174.5    68.9   118.8   138.0   302.1   365.3   402.5   432.2   468.4   514.9   582.2   754.3  1287.3  4908.8  37390.5    37693
read      324.1   193.2    63.8   119.1   139.7   301.0   372.1   414.4   445.8   484.1   533.5   607.0   792.2  1063.7  4719.0  75428.0    75360
read      319.4   224.1    68.9   117.8   136.3   299.8   361.2   398.4   429.2   467.8   516.7   588.9   767.3  1532.4  8462.8  35058.5    34753
read      327.0   243.8    68.9   121.3   141.4   303.1   375.3   416.1   445.7   481.5   527.7   594.9   796.5  1375.8  9913.8  59466.5    59823
read      327.1   204.0    63.8   120.0   140.3   305.6   377.2   419.5   450.4   487.3   534.6   606.5   791.0  1086.8  6521.5  68248.5    68266
read      317.4   213.4    68.9   116.0   134.2   303.6   364.9   400.9   429.8   464.6   508.2   576.3   747.7   997.6  7612.5  39367.5    39383
read      336.3   238.0    63.8   119.3   140.3   313.7   387.8   430.2   462.3   500.3   548.1   625.0   817.6  1084.7  9290.0  65129.5    65072
read      312.5   206.5    63.8   114.3   132.3   301.2   357.5   391.7   419.1   454.9   500.2   558.7   709.7  1401.3  8874.2  33209.5    33192
read      329.5   234.1    63.8   117.5   137.5   307.9   378.3   418.1   449.0   487.4   534.9   610.4   836.1  1178.4 10592.8  51714.5    51847
read      326.4   212.3    63.8   119.2   139.0   305.6   375.6   416.0   445.9   482.9   529.5   597.7   801.7  1511.6  5617.1  62369.5    62362
read      340.3   313.3    63.8   119.1   140.6   309.9   384.3   428.4   462.9   506.3   565.8   661.4   864.0  1406.8 14114.7  84258.0    84073
read      340.0   219.3    68.9   121.9   142.4   317.6   391.3   434.5   467.2   506.4   555.6   630.5   823.5  1350.5  8493.7  64111.0    64213
read      305.6   243.4    68.9   114.5   132.2   287.1   344.0   378.4   406.4   441.3   484.9   546.4   700.8  1544.1 10487.0  27147.5    27059
read      317.4   185.8    63.8   115.6   135.2   300.5   367.0   404.6   433.1   468.2   512.7   580.1   771.0  1038.1  7759.8  54607.0    54703
read      339.2   258.1    63.8   120.7   142.8   307.5   383.2   429.5   464.3   506.3   564.0   654.2   851.7  1287.7 10081.5  98550.5    98366
read      307.0   218.7    63.8   116.7   134.6   290.1   354.7   393.1   420.9   453.3   492.5   543.1   643.3  1413.4  9165.6  29663.5    29565
read      326.9   188.9    63.8   117.7   138.0   302.4   379.9   424.7   457.9   497.7   546.2   620.1   779.0  1038.5  7076.7  74698.5    75000
read      338.5   235.9    68.9   123.8   144.4   317.2   392.8   434.5   466.1   504.4   551.7   622.5   790.0  1164.6 10354.8  62516.5    62235
read      330.5   206.5    68.9   121.1   141.0   312.3   383.8   424.7   455.5   492.9   540.3   606.5   753.7  1142.3  8988.5  47954.5    47788
read      323.0   175.4    63.8   119.1   138.6   301.8   375.2   417.3   448.4   485.7   533.3   601.3   754.4  1043.1  4093.8  68980.0    68928
read      321.1   221.3    68.9   119.5   138.5   308.0   369.4   403.9   432.4   466.3   508.1   569.7   727.1  1227.0 12067.7  36595.0    36478
read      327.1   188.7    68.9   118.3   139.2   304.0   377.6   420.7   452.1   490.3   540.0   620.6   804.2  1056.0  4370.0  76261.0    76067
read      335.2   277.2    68.9   122.2   142.1   314.4   385.2   425.7   456.5   493.7   539.5   609.5   796.6  1168.1  9983.9  47085.5    47020
read      346.7   211.8    63.8   123.4   145.5   320.4   398.0   443.3   476.8   517.0   573.9   669.2   858.0  1134.7  6952.9  81460.5    81656
read      286.7   285.6    68.9   120.7   137.7   277.2   328.0   355.5   373.9   395.4   421.6   459.9   545.1  1729.2 15290.2  16263.0    16396
read      306.3   269.8    63.8   117.8   135.4   288.7   358.1   395.5   420.0   446.6   477.5   519.5   614.2  1639.9 12602.2  21555.5    21661
read      332.0   219.6    63.8   121.6   141.2   316.2   387.1   426.8   455.9   491.0   536.7   600.4   734.1  1058.9  9032.4  49836.5    50156
read      322.0   223.1    63.8   120.0   139.1   306.2   377.8   417.4   446.4   480.1   522.8   582.1   700.9   955.7  5626.7  54014.5    54102
read      335.8   189.8    68.9   121.6   141.7   314.1   390.9   434.3   466.0   503.8   551.6   628.4   819.9  1144.0  5944.5  65429.5    65670
read      303.6   274.7    68.9   123.1   141.9   294.6   357.4   386.7   405.2   425.6   450.8   488.9   571.0  1602.0 12677.4  17491.5    17584
read      318.8   205.1    68.9   116.3   134.3   299.7   371.9   416.6   449.3   484.9   525.8   579.4   683.4  1404.8  6206.3  30324.5    30347
read      308.4   231.7    68.9   121.4   140.6   291.8   363.1   398.3   421.9   447.6   477.3   522.0   613.7  1738.0 10801.2  21658.5    21534
read      288.5   210.5    74.4   136.2   155.3   284.7   320.0   338.2   350.6   365.9   384.9   415.7   564.8  3090.6  6975.6  10070.0    10216
read      326.6   198.5    63.8   118.7   138.1   302.6   378.0   421.4   454.6   493.9   543.8   623.3   788.2  1018.2  7524.3  80215.0    80544
read      322.8   189.3    68.9   119.3   138.2   307.6   376.3   416.0   445.6   479.7   522.6   583.1   706.9   992.8  6945.9  45622.0    45508
read      286.3   194.2    68.9   116.8   133.2   272.9   329.6   362.4   386.5   413.9   447.3   492.8   584.1  1479.6  7968.2  21418.0    21591
read      279.4   201.0    68.9   119.3   135.8   272.6   321.5   347.4   365.9   386.5   410.9   449.1   536.2  1610.9  7802.9  15577.0    15435
read      278.8   224.5    74.4   120.4   136.7   272.6   319.0   342.5   359.3   377.6   401.2   436.0   543.7  1856.1  9564.2  14534.5    14502
read      281.8   284.5    74.4   118.3   135.0   272.9   322.9   349.5   368.1   389.4   416.1   459.4   548.1  1713.0 12650.8  16385.0    16369
read      324.3   242.0    68.9   120.2   139.0   308.3   372.6   409.2   436.8   471.3   515.8   581.4   739.5  1223.0 10702.9  41772.5    42077
read      311.7   195.7    68.9   115.4   133.3   299.2   358.3   393.0   419.5   452.8   497.2   560.1   730.9  1225.6  6636.4  38218.0    38334
read      282.7   293.0    68.9   115.3   131.8   270.0   320.0   346.7   366.5   389.6   419.5   466.2   572.8  2866.2 12414.8  17855.0    17694
read      326.1   208.8    63.8   117.7   138.0   302.6   374.9   418.4   450.8   489.7   538.8   617.2   800.9  1037.0  7548.0  74612.0    75056
read      323.3   182.4    68.9   118.7   138.5   308.7   374.9   412.8   441.5   475.9   519.9   582.7   760.7  1135.9  5711.1  54186.5    53845
read      279.3   327.9    68.9   120.0   137.0   274.5   318.5   341.4   357.6   375.0   399.4   432.8   513.2  1773.5 12598.0  13305.0    13319
read      322.0   174.6    63.8   117.4   137.7   299.2   372.7   416.8   450.2   489.7   539.0   608.5   749.8  1009.2  4050.3  77760.0    77808
read      329.0   255.3    68.9   119.7   138.6   311.3   381.3   421.3   451.7   488.8   533.3   593.4   719.6  1475.5 12018.3  44071.5    44423
read      308.5   202.7    68.9   119.5   137.9   289.0   361.9   402.8   430.0   458.8   492.2   537.4   625.8  1567.7  8069.0  25581.5    25669
read      337.3   219.7    63.8   122.5   143.4   317.2   393.8   435.9   466.9   504.7   552.0   622.8   767.6  1127.0  8879.8  66181.0    66463

Total QPS = 50132.8 (45119548 / 900.0s)

Total connections = 64
Misses = 0 (0.0%)
Skipped TXs = 0 (0.0%)

RX 11144528109 bytes :   11.8 MB/s
TX          0 bytes :    0.0 MB/s
Warning! Detected max cpu usage > 95%
CPU Usage Stats (avg/min/max): 99.99%,48.74%,100.00%
