#type       avg     std     min      p5     p10     p50     p67     p75     p80     p85     p90     p95     p99    p999   p9999      QPS   target
read      406.4   654.9   160.7   218.8   232.9   399.7   458.8   487.0   505.4   528.4   554.5   602.9   747.9  3607.6 15524.6  13237.3    13208
read      421.5   533.6   160.7   214.0   228.3   400.4   468.1   498.8   519.4   541.8   573.0   625.2   853.3  6418.8 30786.5  14491.7    14474
read      518.3  1096.0   160.7   216.0   233.0   408.6   485.5   524.4   549.5   580.2   620.3   700.4  3557.7 14358.7 37067.5  10019.1    10060
read      495.2   520.4   160.7   214.6   230.8   403.5   531.2   600.0   655.6   728.3   822.2   964.8  1382.9  6116.2 14416.8  30742.7    30801
read      470.5   430.0   160.7   216.4   233.1   375.1   479.4   548.0   599.5   663.9   767.3   995.9  1640.1  5163.1 12003.3  51538.2    51547
read      400.3   308.1   160.7   216.4   231.3   349.1   429.8   482.7   522.2   566.3   618.5   692.6   943.0  2400.9 15222.3  53694.9    53648
read      393.9   247.4   160.7   214.8   228.9   341.8   442.9   502.3   537.8   574.2   615.2   670.8   789.1  1863.9  8815.3  36786.5    36683
read      403.0   315.2   160.7   220.9   236.0   401.1   453.1   478.5   496.2   515.8   541.3   583.2   694.5  3573.9 12719.4  11232.1    11261
read      378.4   205.6   160.7   210.2   225.1   339.0   406.3   448.3   480.3   520.1   571.1   647.5   878.1  2092.2  6131.6  72326.2    72283
read      415.1   470.1   160.7   231.3   253.9   379.4   422.7   447.7   465.6   488.6   517.3   569.1  1188.0  5965.3 24273.9   6231.1     6239
read      451.7   351.7   160.7   212.5   227.3   392.8   509.6   565.1   604.9   656.9   733.9   855.6  1108.6  4274.0 12023.1  24665.5    24698
read      400.1   394.6   160.7   213.1   228.5   347.4   411.9   451.8   482.4   520.9   574.1   663.3  1284.5  5314.9 12420.6  84458.1    84489
read      455.1   333.7   160.7   214.2   229.0   401.4   513.5   566.4   604.9   654.9   729.4   851.0  1133.1  4015.1 10230.1  23361.3    23391
read      395.8   323.5   160.7   214.8   229.6   343.8   413.2   458.2   494.6   539.6   596.3   682.1  1121.9  3602.8 10331.1  63144.1    63149
read      433.0   430.6   160.7   219.8   236.0   404.5   471.9   508.3   534.5   564.4   602.0   661.2   902.5  4561.9 14948.0  10419.3    10346
read      404.0   360.1   148.8   213.1   228.9   352.9   421.7   462.9   494.8   534.4   587.4   677.5  1218.7  4560.7 11039.8  78956.7    79135
read      426.9   397.9   160.7   222.3   239.0   399.2   460.2   494.0   518.2   546.2   583.5   637.3   905.3  4647.6 14830.9   9419.6     9406
read      393.7   289.1   160.7   211.7   226.4   342.6   414.3   459.2   494.5   537.9   593.6   679.6  1122.5  3749.5  8032.6  64125.6    64142
read      388.1   338.1   148.8   210.4   225.4   342.1   411.0   453.7   486.1   526.1   578.7   665.2   959.9  3476.2 11820.2  73292.4    73387
read      433.2   406.9   160.7   211.0   225.7   358.6   479.5   537.5   575.2   618.2   675.7   797.3  1181.1  5195.7 12266.7  31106.6    30993
read      399.2   374.9   160.7   211.2   226.2   340.7   417.4   468.1   508.1   552.8   606.0   682.3  1066.0  4623.7 14076.9  53251.7    53217
read      470.3   550.3   160.7   211.9   228.3   420.2   507.6   554.7   591.2   633.6   685.7   763.6  1402.0  6359.4 28804.8  15698.9    15645
read      437.3   455.3   160.7   209.0   223.3   349.5   469.3   534.5   576.7   625.4   693.1   868.9  1306.8  4473.6 20826.6  34789.3    34698
read      415.5   580.9   148.8   213.0   229.2   351.9   414.8   453.8   484.3   524.2   580.6   679.9  1296.9  8319.2 29315.4  92094.0    92125
read      474.7   497.6   160.7   212.8   228.3   418.4   519.5   575.6   616.9   664.8   721.6   802.3  1229.6  6084.5 21745.4  19475.7    19486
read      416.3   557.7   148.8   211.1   226.0   343.7   409.3   450.0   481.1   520.8   576.1   673.5  1778.3  7198.0 25876.4  78972.1    79102
read      471.9   464.3   160.7   211.8   227.0   378.7   514.2   580.9   631.4   703.1   807.2   956.3  1282.2  5246.0 14798.1  31435.2    31438
read      483.7   678.2   160.7   217.4   233.7   424.1   514.9   562.3   593.6   628.2   670.4   734.2  2220.1  7101.4 31496.2  13413.7    13438
read      412.7   542.3   160.7   214.9   229.6   346.9   413.5   454.1   485.3   524.8   578.8   671.2  1590.0  6442.8 25053.7  80600.2    80711
read      405.2   465.5   148.8   213.7   230.2   350.8   411.7   449.6   478.6   517.0   571.4   666.2  1286.3  6249.3 14752.1  99972.1    99864
read      485.1   456.4   160.7   214.3   229.5   397.5   527.9   597.4   654.1   725.2   813.3   945.7  1315.8  5609.8 16190.9  29592.3    29573
read      488.0   544.4   160.7   214.4   229.5   410.9   531.9   596.8   647.5   712.1   788.4   899.6  1268.0  5888.5 28600.2  26037.2    26005
read      429.8   764.2   160.7   227.7   249.9   367.9   412.7   437.6   456.0   475.5   502.3   547.6  2340.4  9898.2 31843.3   5674.3     5669
read      402.4   411.7   160.7   212.3   226.4   336.9   411.7   463.5   505.0   553.1   610.9   689.0  1270.0  5340.3 15458.9  53542.5    53542
read      388.9   344.9   148.8   210.8   225.2   336.3   406.3   453.8   491.6   538.2   594.7   674.6  1041.5  3343.9 13219.8  60703.7    60835
read      402.5   387.5   148.8   212.2   226.8   341.4   407.8   449.9   483.4   527.2   586.7   684.6  1603.7  4561.4 10808.9  71755.8    71830
read      392.5   410.6   148.8   210.4   225.0   336.0   397.4   434.5   464.3   502.3   554.1   644.5  1578.0  4931.1 14629.3  80637.2    80590
read      396.0   432.4   148.8   211.8   226.4   334.6   404.0   454.0   493.6   541.0   597.8   675.6  1156.8  5507.5 14600.5  57149.4    57049
read      393.4   442.5   148.8   210.8   225.8   337.7   398.4   435.5   464.8   502.3   553.5   640.7  1562.5  5217.7 16595.4  86504.0    86528
read      407.2   530.8   160.7   223.4   240.0   384.5   429.3   452.3   467.1   486.6   508.4   548.6   746.9  6634.3 29018.6   8966.0     8982
read      392.5   417.4   160.7   210.8   224.9   329.3   400.0   450.8   491.8   540.3   597.4   677.6  1181.7  4391.5 17122.2  57490.8    57487
read      398.5   351.8   148.8   211.4   225.7   334.5   422.1   485.2   528.5   572.9   621.9   689.2  1004.1  4649.9 11711.0  44120.6    44076
read      402.8   392.1   148.8   211.9   227.2   340.9   402.8   442.3   473.2   514.9   573.4   682.7  1638.3  4633.8 13715.6  87581.5    87714
read      395.0   365.3   148.8   212.1   227.5   342.4   404.1   442.2   471.4   509.6   563.9   655.3  1521.3  4448.4 10707.1  88410.5    88455
read      405.5   453.8   160.7   209.8   225.1   338.2   402.3   444.9   479.2   524.6   586.0   703.9  1613.0  5547.6 14858.3  81222.7    81228
read      409.8   384.6   160.7   211.4   225.8   338.0   441.0   507.0   547.9   590.0   637.7   717.2  1130.2  4171.1 13540.3  40309.1    40418
read      389.4   472.5   160.7   210.9   225.6   333.3   391.5   426.8   455.0   490.9   539.9   622.5  1494.0  6285.7 14115.8  88103.8    88138
read      393.4   385.6   148.8   211.7   226.6   337.7   398.3   435.3   465.0   502.7   554.3   645.8  1596.9  4393.9 12908.4  88256.1    88403
read      394.0   492.5   160.7   210.1   224.7   336.5   399.9   438.6   469.5   508.7   562.0   644.2  1369.0  6272.6 18509.8  78331.0    78303
read      390.4   395.8   148.8   210.9   226.5   341.0   399.2   434.5   462.6   498.2   546.6   634.4  1504.4  4560.1 12902.9  97279.9    97285
read      380.6   365.9   148.8   210.6   225.6   336.3   393.9   428.2   455.0   488.7   535.7   615.9  1210.3  4416.6 14230.5  94131.2    94177
read      470.6   515.7   160.7   210.7   226.0   410.8   513.5   570.7   612.7   659.9   716.4   799.1  1227.8  6199.8 24408.6  20212.0    20188
read      411.5   635.3   160.7   212.4   227.6   344.2   404.1   440.4   468.6   505.4   557.2   646.0  1681.8  8536.7 30235.8  92291.9    92258
read      388.0   335.8   148.8   211.8   225.9   335.5   400.8   442.0   474.2   515.9   572.0   662.4  1412.5  2727.7 11733.3  73215.3    73208
read      386.5   310.1   148.8   210.9   224.5   329.6   401.2   451.8   493.4   542.4   599.6   674.8  1055.8  3634.1 10436.9  55498.4    55577
read      377.5   283.3   148.8   210.0   223.3   324.7   391.6   435.5   473.0   521.2   579.5   657.0  1131.2  3088.2  8434.0  61395.6    61432
read      485.7   605.3   160.7   209.3   224.0   406.5   523.9   587.8   640.0   700.3   769.9   869.5  1311.6  6339.9 30132.1  26879.3    26864
read      461.0   713.3   160.7   214.1   229.7   406.8   484.2   522.1   546.5   575.2   609.5   663.8  1908.6  9817.4 31115.0  10944.1    10972
read      386.8   380.1   160.7   210.6   224.3   324.7   393.6   441.3   481.9   531.0   587.8   664.5  1233.0  4613.4 11897.6  57541.6    57554
read      470.9   508.2   160.7   210.0   224.8   404.2   511.1   572.9   621.8   680.3   746.0   847.3  1179.4  5229.9 21465.4  23817.3    23772
read      400.3   525.1   148.8   214.8   229.9   344.9   403.3   438.4   465.9   500.7   547.0   628.3  1370.6  7101.9 27611.8  96791.5    96678
read      378.4   428.4   148.8   209.0   222.3   321.2   387.6   431.7   469.5   518.3   575.5   646.1   964.8  4434.6 18229.7  60217.1    60207
read      379.3   291.7   160.7   210.0   223.5   326.3   393.0   436.8   474.3   522.5   580.4   657.0  1090.6  3303.8  8720.6  62069.5    62020
read      398.7   458.6   148.8   208.7   222.1   328.6   418.4   480.4   522.3   565.5   613.9   678.8  1076.4  5790.7 15717.7  41293.7    41301
read      457.8   862.6   160.7   213.2   228.5   396.8   470.9   508.4   532.8   559.4   591.4   640.7  2020.5  9087.6 37134.7  10708.1    10690
read      386.0   470.2   160.7   210.3   224.0   331.3   396.4   436.2   468.2   508.6   562.9   640.1  1035.8  4778.1 19132.1  71898.2    72037
read      398.5   317.7   160.7   210.3   223.8   337.9   433.8   494.2   534.6   577.3   624.6   688.4   989.5  3257.7 13225.9  37996.7    38071
read      414.4   452.8   160.7   212.8   227.3   347.4   420.0   465.6   502.0   546.2   607.4   715.1  1694.7  4853.6 15034.7  67465.6    67605
read      402.5   426.6   160.7   209.0   222.3   330.8   430.6   494.6   534.5   575.8   621.9   688.0  1154.3  4398.2 14894.3  36682.8    36718
read      549.9  1069.6   160.7   212.7   227.9   419.6   530.2   593.1   641.9   697.9   766.8   889.0  3637.5 14412.6 36651.6  20886.2    20866
read      416.3   439.9   160.7   215.2   229.9   348.9   410.7   448.8   478.2   516.8   573.8   692.0  1762.7  5021.1 12545.1  91438.0    91618
read      399.8   408.6   148.8   210.2   223.7   333.2   414.4   471.5   515.7   563.2   616.5   685.9  1218.9  4928.9 13932.1  46082.4    45965
read      407.6   518.2   160.7   212.7   226.4   380.3   455.6   486.8   506.4   530.0   556.9   603.5   824.7  6716.3 29635.0  17215.2    17183
read      377.2   207.0   160.7   208.4   222.0   329.8   440.4   491.5   521.0   549.1   581.8   624.8   700.2  1035.0  6951.6  30255.1    30269
read      371.5   199.9   148.8   207.0   220.5   325.3   413.5   473.0   510.7   546.3   584.2   631.7   720.9  1085.4  7065.7  39214.9    39201
read      362.5   167.4   148.8   208.8   222.7   326.4   394.5   436.8   471.3   514.3   562.8   622.4   720.4  1100.1  5781.3  59352.4    59338
read      353.0   302.8   160.7   208.8   222.6   322.9   382.6   418.0   444.7   478.1   522.9   587.4   703.8  1172.5  7217.4  80707.4    80847
read      381.0   352.1   160.7   222.6   237.8   376.5   418.1   438.2   453.3   468.3   490.8   522.6   611.3  4255.7 17167.3   9621.6     9615
read      370.3   353.3   148.8   207.6   221.3   325.6   402.6   458.7   500.1   542.2   586.7   640.1   735.3  1156.3  5936.5  46415.4    46447
read      376.0   189.8   148.8   207.1   221.2   326.0   420.3   484.0   522.2   558.7   597.3   646.1   736.6  1165.1  7101.8  38334.6    38398
read      376.5   224.7   148.8   207.7   222.1   328.2   414.9   476.9   517.1   555.7   595.8   647.0   741.9  1091.4  9140.1  42020.2    41918
read      391.9   273.9   160.7   212.8   227.1   385.4   459.6   490.3   509.4   530.7   553.2   589.6   669.1  1554.7 13275.5  16955.8    16963
read      371.5   190.6   160.7   208.2   222.5   328.4   404.5   460.1   500.2   541.9   586.7   639.5   737.2  1086.2  6740.5  46676.2    46640
read      366.2   197.9   160.7   207.6   221.7   324.8   396.4   445.8   485.8   530.5   577.9   633.9   732.8  1049.2  8262.7  52722.4    52871
read      352.9   277.0   148.8   206.1   220.2   323.8   385.2   421.2   448.4   481.8   526.1   590.9   714.2  1149.8  5155.1  81556.1    81594
read      384.9   213.8   160.7   213.3   227.1   379.9   450.5   480.0   498.5   518.7   541.5   577.5   657.7  1679.9  8938.2  16158.8    16160
read      372.6   186.2   160.7   207.9   221.7   323.8   419.2   480.1   516.2   550.2   586.7   632.5   715.0  1083.5  5861.9  36082.0    36107
read      384.8   212.3   160.7   212.5   226.5   376.4   454.5   486.4   505.9   527.4   549.5   586.4   662.8  1426.7  9641.3  17832.7    17772
read      364.4   165.2   148.8   207.9   222.3   328.7   396.2   438.4   472.8   515.8   566.9   631.4   737.3  1059.2  5396.8  63169.4    63184
read      387.3   207.6   148.8   209.3   223.9   351.2   462.0   502.8   526.7   550.2   579.4   619.4   693.0  1307.8  8610.4  24210.3    24248

Total QPS = 48806.4 (43925772 / 900.0s)

Total connections = 64
Misses = 0 (0.0%)
Skipped TXs = 0 (0.0%)

RX 10849665931 bytes :   11.5 MB/s
TX          0 bytes :    0.0 MB/s
Warning! Detected max cpu usage > 95%
CPU Usage Stats (avg/min/max): 100.00%,0.50%,100.00%
