Random waveform, supplied seed
Total number of intervals = 180 (7434, 67201, 85927, 63953, 31595, 87879, 7287, 62295, 6561, 22532, 60653, 59076, 60154, 22964, 8172, 27652, 37594, 24367, 33771, 84944, 85666, 51918, 34406, 28664, 38289, 20658, 13840, 93419, 98284, 71313, 42089, 46458, 30755, 42889, 93552, 65694, 29574, 51355, 67361, 16287, 81508, 87619, 99068, 51267, 11822, 97494, 97350, 55460, 85984, 82043, 52873, 13911, 49984, 9274, 27187, 18735, 86505, 93039, 75999, 32324, 84255, 81759, 37291, 53818, 30297, 31569, 38927, 10652, 98119, 48176, 34929, 69735, 20753, 84642, 42333, 61587, 77998, 97625, 23781, 66723, 31016, 47394, 95335, 5252, 65908, 16889, 42912, 99898, 26385, 22616, 50605, 90283, 26273, 48521, 34058, 75648, 19482, 15054, 75754, 5187, 17656, 96343, 36665, 85269, 31525, 61798, 12253, 25710, 79937, 7271, 85861, 91467, 72217, 31080, 76878, 84584, 12492, 57106, 96245, 6791, 90728, 5151, 82969, 42635, 99337, 95192, 69200, 49459, 29055, 64324, 5705, 84816, 23714, 74116, 19948, 44213, 19454, 7190, 47657, 44399, 6481, 5807, 83137, 9580, 37385, 33706, 35204, 50438, 48878, 42682, 27416, 64424, 64364, 5481, 26227, 26586, 86286, 24452, 26832, 29795, 46224, 84587, 63389, 46953, 90536, 12508, 38491, 97806, 11813, 39665, 53571, 63215, 78767, 8615, 67903, 16398, 53434, 38068, 9130, 69227)
Average QPS expected = 49317
Timestamp start: 1715904275311
Timestamp end: 1715905175906

#type       avg     std     min      p5     p10     p50     p67     p75     p80     p85     p90     p95     p99    p999   p9999      QPS   target
read      318.3   328.4    80.4   156.4   180.4   301.9   336.3   354.2   367.1   382.9   402.8   439.5   619.6  4798.9 12382.0   7347.6     7434
read      366.7   346.5    68.9   129.7   150.2   327.5   417.3   469.8   508.5   553.1   608.3   692.2   919.4  2784.6 10840.0  67082.4    67201
read      358.1   312.1    63.8   131.2   152.8   318.8   399.3   449.5   488.6   535.6   596.3   690.8   901.2  3483.3  8105.5  85898.0    85927
read      350.1   231.7    63.8   125.7   145.5   318.1   404.9   456.4   494.0   536.7   587.0   661.1   856.7  1876.2  8466.3  63951.0    63953
read      336.8   245.4    68.9   121.5   140.6   305.9   394.8   447.7   485.7   523.2   562.2   614.8   740.3  1583.6  8498.0  31590.6    31595
read      353.4   342.4    63.8   129.0   150.0   316.7   397.8   446.7   484.7   530.4   588.6   683.1   883.9  1911.1 12734.8  87732.6    87879
read      327.7   447.7    74.4   152.7   177.4   303.6   340.5   360.8   374.4   393.8   419.3   468.3   794.7  5301.2 24784.6   7244.6     7287
read      391.0   469.7    68.9   128.5   149.4   330.9   420.4   474.5   515.4   562.5   623.4   733.3  1594.3  5069.5 20409.3  62227.8    62295
read      507.8  1654.0    80.4   153.5   183.7   320.3   367.2   394.2   414.6   439.9   484.0   613.3  5128.6 30743.6 42871.5   6521.4     6561
read      383.4   741.6    63.8   124.2   144.3   315.7   408.5   458.5   491.2   524.4   564.1   645.1  1243.0  8949.1 35675.2  22529.0    22532
read      342.7   252.2    63.8   123.9   143.2   313.2   396.2   444.4   481.5   523.9   572.2   636.3   793.4  2302.6  8003.7  60493.2    60653
read      347.5   210.5    68.9   125.8   145.5   319.7   404.9   454.3   490.7   532.4   581.1   649.4   816.1  1603.5  7795.3  59096.0    59076
read      352.4   222.7    68.9   127.1   146.8   323.6   408.9   458.9   495.5   537.0   586.9   665.6   857.2  1661.1  7951.7  60083.4    60154
read      346.8   272.1    68.9   124.6   144.7   312.7   404.3   453.1   485.3   517.4   551.3   604.8   911.9  3471.9  8696.3  22866.4    22964
read      407.5  1038.7    86.8   153.1   179.0   322.7   369.7   396.6   417.1   442.5   482.8   551.5  2635.6 12395.8 36792.7   8069.6     8172
read      378.6   575.4    68.9   124.0   143.7   318.5   413.6   472.0   508.3   545.3   590.0   682.7  1189.0  8386.4 24075.5  27646.0    27652
read      376.7   471.6    68.9   123.0   142.6   318.7   409.3   467.0   508.6   552.1   603.2   688.9  1292.4  6452.7 16301.7  37758.2    37594
read      369.7   559.5    68.9   121.3   140.6   312.3   406.9   459.8   494.5   529.8   571.0   638.9  1191.9  7104.6 27382.6  24428.8    24367
read      359.7   471.8    63.8   120.1   139.3   310.4   398.6   456.0   496.3   536.9   581.2   642.1  1070.9  5695.6 15752.6  33718.0    33771
read      370.5   425.2    68.9   128.2   149.7   318.6   398.8   450.3   492.1   542.4   607.4   707.9  1244.4  4289.2 15585.2  85051.6    84944
read      344.9   282.0    63.8   126.9   147.1   308.9   387.7   435.5   474.2   521.4   579.5   665.0   840.4  2580.9 11710.6  85779.2    85666
read      366.9   375.1    68.9   126.8   146.8   326.0   412.6   464.3   502.2   545.0   595.0   674.3  1001.3  3771.8 12121.5  51962.6    51918
read      365.4   315.0    68.9   125.5   145.3   326.7   416.5   473.6   513.4   553.7   599.9   673.4   964.2  3063.4 10761.7  34278.8    34406
read      358.4   341.5    68.9   124.4   144.0   320.0   412.1   469.0   506.8   543.8   585.3   645.4   915.6  3223.9 12468.4  28676.4    28664
read      367.0   303.6    68.9   126.3   146.5   329.2   415.4   469.9   509.5   552.5   601.5   679.4   998.7  3924.8  9908.4  38352.0    38289
read      369.4   460.9    68.9   130.6   151.3   328.3   417.9   466.2   496.7   528.2   564.7   625.2  1011.0  4761.4 19986.1  20671.4    20658
read      387.5   596.7    74.4   136.8   159.2   337.0   406.4   443.0   471.4   504.2   550.1   651.4  1494.7  6340.5 29026.3  13856.8    13840
read      370.0   382.1    63.8   133.2   155.7   326.9   408.0   457.4   496.0   543.5   608.7   713.7   982.0  3496.6 11830.9  93233.6    93419
read      350.0   240.0    63.8   133.4   155.3   315.9   394.1   441.5   478.7   524.4   583.2   674.7   868.6  1665.5  8046.3  98172.6    98284
read      379.7   343.1    68.9   131.6   152.7   327.4   416.6   470.6   512.4   562.2   626.8   734.8  1301.7  4169.7  9860.3  71307.0    71313
read      366.3   356.0    68.9   127.0   147.3   326.6   412.9   467.1   507.4   550.4   600.1   678.2  1026.9  3001.6 12905.6  42149.4    42089
read      374.8   362.1    63.8   127.8   148.3   334.0   422.7   475.7   514.7   557.1   608.4   689.7  1094.2  3721.6 13921.9  46421.6    46458
read      358.9   267.9    68.9   124.2   143.8   321.2   413.4   470.3   508.4   546.8   589.4   658.4   956.5  3305.0  8565.9  30689.2    30755
read      359.8   285.5    68.9   124.9   144.8   322.3   406.5   459.8   499.5   542.7   591.1   666.3  1001.5  3186.4  8584.4  42957.6    42889
read      379.5   456.3    68.9   133.2   156.1   325.3   405.1   455.4   495.3   544.2   610.1   714.0  1086.1  5527.1 15588.0  93510.2    93552
read      375.1   414.3    68.9   129.1   149.3   326.6   416.7   471.7   512.7   558.8   615.9   707.9  1102.7  4222.3 12309.2  65804.4    65694
read      349.7   356.1    68.9   122.0   140.8   309.9   399.1   454.1   492.9   531.0   571.9   629.8   922.5  3431.8 12987.3  29585.2    29574
read      368.4   377.9    68.9   127.6   147.8   328.8   415.4   466.6   505.1   548.6   601.1   681.7   994.6  3432.5 11189.5  51475.2    51355
read      387.5   361.3    68.9   131.7   152.8   334.1   425.4   481.4   523.5   573.0   637.0   745.3  1427.0  4018.1 10894.9  67304.2    67361
read      378.8   501.9    74.4   133.7   156.3   336.8   416.1   458.4   488.6   522.7   572.9   689.2  1064.4  6099.6 30467.6  16243.8    16287
read      359.5   306.4    68.9   129.4   150.4   318.7   400.8   452.1   492.4   540.6   601.7   694.0   918.0  3403.8  9157.4  81558.8    81508
read      358.2   318.2    68.9   129.1   150.5   317.5   398.2   448.1   487.8   536.0   596.9   691.5   920.1  3432.0 10365.7  87526.8    87619
read      354.5   294.2    63.8   131.4   153.6   315.8   394.9   443.2   481.5   528.3   588.4   684.1   921.1  2254.9 11923.4  98967.8    99068
read      343.7   306.1    63.8   121.4   141.3   312.3   394.5   442.0   479.7   521.9   570.7   635.9   805.5  2394.8 12255.7  51319.4    51267
read      358.6   585.4    74.4   139.2   162.1   322.8   376.9   403.4   423.6   447.7   481.2   535.6   880.8  7393.3 27934.6  11819.6    11822
read      410.2   694.0    63.8   133.5   157.4   326.8   403.7   456.3   498.7   551.8   624.6   744.1  1797.5  9361.4 30335.0  97617.2    97494
read      373.7   491.8    68.9   131.1   153.4   317.7   395.3   443.5   482.9   532.3   596.9   700.9  1126.5  6794.3 24629.1  97464.8    97350
read      367.5   467.6    63.8   124.0   143.5   315.8   401.6   452.1   491.3   536.1   588.1   671.1  1396.0  4996.8 19442.0  55388.2    55460
read      394.8   701.8    63.8   130.0   152.1   315.9   395.5   448.0   490.7   542.0   606.6   712.9  1661.4  9996.5 31517.9  86050.2    85984
read      346.4   245.0    63.8   126.5   146.6   312.3   393.4   443.6   483.7   529.5   585.9   670.1   847.4  1907.4  8598.1  82033.8    82043
read      347.3   314.5    63.8   120.4   139.5   306.6   388.8   437.3   476.5   521.5   572.8   642.0  1056.4  3108.4 11229.2  52943.8    52873
read      450.1   917.6    68.9   135.2   158.7   354.1   441.0   494.2   529.0   568.2   623.9   723.1  2737.6  9369.2 35539.2  13942.4    13911
read      364.9   394.3    63.8   122.4   142.0   312.1   395.1   446.9   488.4   535.7   589.1   677.6  1408.8  4802.7 14757.3  50132.4    49984
read      463.0  1388.1    74.4   144.4   169.9   329.5   389.5   424.7   452.0   484.7   522.6   590.0  4858.5 20454.8 42220.3   9237.8     9274
read      381.9   579.7    68.9   122.4   142.1   312.4   411.5   470.8   506.8   544.3   593.0   719.9  1401.2  6335.4 30351.4  27018.8    27187
read      498.1  1107.1    74.4   133.0   156.4   366.4   482.2   551.1   608.4   681.0   757.6   874.3  3265.5 13878.8 36545.0  18872.2    18735
read      413.5   606.6    68.9   131.6   154.7   327.1   409.2   464.9   509.6   565.5   640.1   788.1  1870.7  8363.1 30034.9  86502.8    86505
read      408.9   630.7    68.9   134.9   159.2   338.4   420.8   470.1   509.5   562.5   636.8   772.8  1660.2  8474.5 30787.5  93112.4    93039
read      383.4   589.4    63.8   127.5   147.5   317.3   402.6   456.5   497.0   542.8   600.6   696.9  1344.8  8574.2 30119.2  75903.8    75999
read      361.2   491.4    68.9   120.6   139.8   311.6   402.4   460.4   499.6   539.2   583.2   646.0  1017.5  5589.5 25364.8  32373.8    32324
read      398.5   517.0    63.8   131.8   154.1   333.0   418.6   470.9   511.6   562.9   633.6   760.2  1622.6  6482.5 19450.7  84260.2    84255
read      402.2   742.7    68.9   129.8   151.4   324.5   409.0   462.1   503.5   553.8   620.2   729.9  1668.6  9039.2 31932.1  81951.8    81759
read      374.3   557.8    68.9   123.2   143.2   320.4   408.5   465.6   506.5   549.0   594.8   673.6  1117.6  6641.5 30687.8  37441.2    37291
read      369.8   477.0    63.8   123.9   143.6   319.1   404.3   456.2   495.9   540.9   592.9   679.2  1316.2  4292.0 14984.8  53880.8    53818
read      357.7   296.3    68.9   122.8   142.0   314.8   405.3   462.8   501.1   538.6   580.4   643.0  1070.6  4117.2  9605.8  30225.2    30297
read      352.7   401.6    68.9   118.8   137.9   307.9   396.0   451.7   490.3   529.3   571.6   632.5  1064.5  4396.5 15097.7  31620.0    31569
read      363.7   469.3    63.8   119.5   138.6   311.2   397.1   452.6   494.6   538.5   587.4   665.7  1233.5  5324.1 21844.0  39066.4    38927
read      487.9  1403.0    74.4   142.6   169.4   349.9   422.2   467.2   498.1   531.9   574.6   667.5  4871.8 30233.0 37006.9  10598.6    10652
read      409.1   628.5    68.9   133.7   158.6   334.4   409.4   458.6   500.7   557.3   636.7   769.2  1757.9  8581.8 30391.2  97974.6    98119
read      366.3   440.3    68.9   123.1   142.9   319.9   406.8   460.1   500.2   544.4   595.7   678.1  1172.3  3736.6 19337.7  48204.8    48176
read      369.1   403.1    68.9   121.8   141.2   317.6   408.3   466.1   506.4   547.9   592.9   670.2  1199.7  5055.7 13235.9  34902.2    34929
read      402.6   565.9    63.8   129.6   150.7   333.8   424.8   480.6   522.7   573.2   639.9   768.3  1661.5  6546.5 29834.8  69507.6    69735
read      464.2  1032.2    68.9   125.5   147.1   345.0   458.7   521.3   570.7   640.9   727.3   849.8  2584.3 14970.7 36429.9  20721.0    20753
read      424.4   557.5    63.8   134.8   159.3   342.5   429.9   487.2   533.2   592.1   678.2   841.8  1928.6  6196.4 28012.0  84740.4    84642
read      360.0   333.4    68.9   123.7   143.3   323.8   409.1   462.1   501.2   543.7   592.4   668.0   919.7  4033.1 13034.6  42391.0    42333
read      363.8   330.0    68.9   127.0   146.9   324.0   411.5   463.2   501.8   545.3   597.6   680.8   998.9  3125.0 10670.0  61629.6    61587
read      366.3   324.7    68.9   130.2   151.3   324.2   410.0   463.0   502.2   548.2   610.1   707.4   945.5  4109.7 10185.1  78146.4    77998
read      354.6   304.2    63.8   130.0   152.4   316.7   393.2   439.7   477.1   525.0   586.5   683.4   903.7  3398.2  9178.6  97852.4    97625
read      476.8  1043.4    68.9   127.8   148.8   333.5   452.3   518.2   566.2   639.7   759.2   932.9  2692.1 11700.2 35809.0  23681.8    23781
read      435.9   665.0    68.9   127.8   148.7   315.5   406.7   469.8   521.2   584.2   687.0  1234.9  2127.6  8727.9 28622.2  66692.2    66723
read      364.8   505.9    63.8   119.6   138.3   306.4   397.6   455.0   494.8   534.3   578.6   655.3  1250.0  5658.0 28815.4  30991.4    31016
read      361.2   353.2    68.9   123.0   142.7   317.7   402.0   454.6   494.4   539.3   590.4   669.6  1099.3  4369.7  9839.1  47449.6    47394
read      399.6   556.2    63.8   136.1   160.6   337.9   419.3   468.7   508.2   558.6   631.0   750.3  1357.2  7419.1 29793.4  95460.8    95335
read      482.1  1701.9    86.8   161.5   190.1   309.7   351.3   373.6   392.3   415.4   454.2   566.3  4984.8 31468.9 37718.2   5241.6     5252
read      384.3   559.0    68.9   125.7   145.7   315.6   403.7   457.7   497.7   543.9   601.8   704.7  1732.6  6890.9 28608.3  66105.4    65908
read      434.9   857.9    68.9   131.7   153.9   353.7   442.2   493.4   528.7   572.2   643.5   764.8  2061.0  9891.1 31834.6  16877.8    16889
read      382.7   413.8    68.9   124.6   144.4   325.9   417.2   474.8   516.9   564.0   623.4   734.4  1450.0  5130.2 12659.6  42963.6    42912
read      365.9   352.8    63.8   131.6   154.6   322.0   400.8   448.9   486.5   533.9   597.2   704.0  1008.7  3922.4 10802.8  99935.6    99898
read      363.6   373.1    68.9   123.0   143.0   317.2   412.6   468.6   503.1   538.5   578.6   638.5  1022.8  5030.0 11063.3  26243.2    26385
read      386.1   481.7    68.9   126.2   147.1   329.4   429.3   484.5   519.5   558.1   614.7   757.3  1154.2  4897.5 21567.0  22693.4    22616
read      367.8   418.1    68.9   127.8   147.7   320.8   406.3   460.2   500.6   545.1   597.2   680.7  1272.7  3928.5 12787.5  50681.4    50605
read      396.4   431.3    68.9   135.1   158.7   336.1   420.6   472.4   514.2   567.4   638.5   764.2  1383.4  5487.2 14119.2  90170.2    90283
read      351.4   480.6    68.9   121.4   140.9   306.3   398.0   451.2   486.4   521.0   559.0   616.4   955.3  3829.4 29658.4  26409.4    26273
read      359.2   502.2    68.9   120.1   139.1   310.5   391.4   441.4   481.2   525.3   576.1   653.0  1185.3  6625.5 28409.5  48465.6    48521
read      387.5   521.5    63.8   124.2   145.3   328.6   421.5   478.9   518.0   559.1   612.1   714.9  1386.0  7354.2 17484.0  34269.8    34058
read      398.6   576.3    68.9   131.4   153.0   333.2   420.4   474.2   516.5   567.2   635.4   746.8  1425.0  6895.2 29443.9  75627.4    75648
read      485.5  1031.5    74.4   132.6   154.7   358.4   468.5   532.5   585.0   664.5   752.5   886.8  2980.5 12188.6 32311.3  19480.2    19482
read      484.9  1154.7    68.9   137.1   160.9   369.7   462.1   517.2   556.9   606.7   680.0   788.9  3037.3 14677.5 37819.8  15077.8    15054
read      413.8   742.9    63.8   128.4   149.8   324.5   412.1   467.6   510.0   561.5   628.9   760.4  1950.8  8202.3 32180.0  75715.2    75754
read      469.1  1601.2    80.4   162.4   191.2   301.6   338.7   359.8   374.0   395.4   426.8   512.1  5108.0 30102.7 37588.1   5221.0     5187
read      477.6  1221.0    63.8   128.4   150.2   346.9   440.3   495.4   536.6   586.9   664.1   775.7  3467.5 17593.3 38005.8  17587.8    17656
read      411.4   592.8    63.8   135.9   161.3   342.0   423.3   472.6   512.7   565.9   642.8   779.1  1650.6  7659.0 29465.5  96152.8    96343
read      350.4   406.4    68.9   118.6   137.1   305.2   391.5   448.2   489.4   531.2   576.5   641.5  1014.4  4225.7 16110.7  36529.4    36665
read      408.6   607.9    68.9   130.3   153.0   332.9   417.8   470.5   512.7   566.7   639.5   781.8  1777.3  8002.6 30040.4  85203.8    85269
read      353.9   393.5    68.9   119.8   138.9   308.5   399.9   456.8   495.7   534.1   576.8   637.5  1024.8  4855.3 13744.9  31581.0    31525
read      373.4   429.2    68.9   125.9   145.8   321.3   410.4   463.5   502.7   546.8   602.2   690.4  1398.0  4507.7 12703.2  61999.8    61798
read      471.8  1302.4    68.9   136.9   161.4   346.2   421.8   468.1   498.9   531.9   573.7   663.8  4007.7 28167.1 37249.3  12267.6    12253
read      371.4   488.1    68.9   122.2   141.6   312.5   411.3   468.0   503.7   539.8   585.1   686.9  1134.5  5956.7 20079.1  25646.6    25710
read      395.5   563.6    63.8   127.4   148.1   317.2   401.0   455.6   497.6   546.6   613.5   733.2  1894.4  6576.3 25277.7  79658.4    79937
read      471.2  1463.6    74.4   151.4   178.7   318.2   367.2   395.1   416.1   441.7   478.5   544.2  4871.9 29073.0 37002.8   7308.0     7271
read      458.2   838.8    63.8   137.2   162.6   349.0   437.2   494.0   539.0   597.7   687.7   892.9  1995.9 11456.8 32324.8  85616.6    85861
read      368.1   445.8    63.8   130.0   151.8   315.5   395.4   446.4   486.4   535.0   597.5   696.8  1228.3  4883.1 22928.7  91393.8    91467
read      364.5   348.0    63.8   126.6   146.5   316.7   402.4   456.3   497.2   542.9   599.1   689.6  1214.6  3348.1 11946.0  72177.8    72217
read      359.7   476.2    68.9   119.9   138.8   308.5   399.4   455.7   494.3   532.8   575.9   637.6  1148.9  5774.6 19234.9  30983.0    31080
read      363.7   361.9    68.9   124.8   145.0   308.3   393.8   446.0   485.9   532.4   589.3   688.1  1482.7  4012.9 11170.8  76898.2    76878
read      371.1   466.4    63.8   126.9   147.6   309.7   393.0   445.0   486.4   535.0   596.7   702.1  1546.3  5275.8 15060.9  84424.0    84584
read      483.5  1386.6    68.9   139.8   163.7   346.4   423.1   469.5   501.4   535.8   579.0   670.2  4095.0 30427.9 37900.7  12405.4    12492
read      393.2   585.8    68.9   125.4   145.4   318.5   405.1   460.5   502.3   550.3   613.2   737.5  1681.8  7271.0 29470.2  56890.8    57106
read      380.1   559.7    63.8   131.4   154.1   319.8   397.5   446.1   485.3   534.6   600.0   705.4  1204.0  8131.3 28146.5  96119.2    96245
read      456.8  1490.0    80.4   154.3   180.4   314.9   360.2   386.2   404.5   429.3   464.1   532.6  4720.5 30298.6 41926.4   6834.2     6791
read      405.0   669.0    63.8   132.2   155.5   328.8   408.6   459.7   500.7   552.2   625.1   742.1  1714.5  8683.6 31571.2  90196.4    90728
read      471.1  1643.4    86.8   159.0   186.4   300.3   337.8   359.7   375.0   396.4   429.3   524.8  5559.4 31067.3 36490.6   5144.6     5151
read      409.5   576.4    63.8   131.5   153.9   330.0   416.2   470.0   512.4   566.4   641.6   791.3  1814.5  7633.2 26984.6  82711.4    82969
read      362.2   557.4    63.8   120.3   139.3   308.1   390.5   443.5   485.9   531.3   580.8   647.7  1183.5  6997.0 30967.4  42772.8    42635
read      410.4   731.0    63.8   136.3   161.3   337.6   419.3   468.3   506.1   554.9   625.4   747.5  1281.5 11992.8 31055.2  99416.4    99337
read      344.9   266.2    63.8   127.9   149.0   310.2   388.2   435.2   471.6   517.6   576.5   667.3   856.3  2165.6  7886.5  95276.0    95192
read      365.7   435.7    63.8   121.8   141.4   311.2   396.7   448.5   487.4   532.4   587.6   679.9  1500.2  4975.3 12781.5  69052.8    69200
read      366.4   448.4    68.9   121.2   140.3   315.3   399.4   452.5   493.6   538.8   590.5   675.5  1364.2  4732.0 14845.9  49424.4    49459
read      340.8   323.5    63.8   116.7   134.9   295.0   387.7   444.1   481.8   519.4   559.2   614.0   942.1  4064.8 11381.9  29212.2    29055
read      362.8   352.4    68.9   124.5   144.1   315.2   403.5   455.9   494.9   540.1   593.9   682.8  1244.3  3814.3 11307.2  64415.4    64324
read      462.9  1565.1    80.4   153.5   181.0   299.9   338.8   361.4   378.0   399.3   430.6   518.8  5380.7 31175.1 37139.3   5672.0     5705
read      422.2   676.8    63.8   131.7   154.6   330.6   417.0   472.3   517.5   573.8   651.9   812.4  1902.2  8943.5 30968.5  84825.6    84816
read      428.0   745.1    68.9   124.2   145.3   329.8   448.5   514.8   560.8   626.3   723.3   854.7  1564.6  7485.1 32321.8  23680.8    23714
read      376.5   507.9    63.8   125.9   145.9   314.7   399.7   452.7   493.7   541.6   600.7   700.0  1583.3  5238.3 17259.7  74307.8    74116
read      455.7  1009.8    68.9   126.9   147.8   339.6   442.4   504.0   548.8   612.6   701.4   821.7  2696.4 12552.4 36071.1  19947.2    19948
read      389.2   570.8    68.9   126.6   147.3   327.6   415.0   469.5   511.0   557.8   614.2   719.1  1414.3  6826.1 30628.4  44033.8    44213
read      436.0   825.5    68.9   129.0   151.0   339.9   441.8   497.7   538.0   588.4   674.7   797.1  2026.9  8595.4 31960.7  19356.0    19454
read      466.3  1365.9    80.4   147.2   175.7   316.2   364.9   392.0   411.6   435.9   472.4   548.2  5195.7 28470.4 32291.2   7222.0     7190
read      375.5   523.3    68.9   123.3   143.5   320.9   405.7   459.2   498.9   543.4   596.2   688.8  1309.8  7465.8 20223.9  47432.6    47657
read      362.4   285.8    68.9   123.1   143.0   322.8   406.8   461.0   501.0   544.1   593.4   676.7  1246.9  2636.7  9009.7  44255.4    44399
read      432.1  1288.2    74.4   150.0   178.0   309.3   353.1   377.5   396.0   419.1   452.3   532.0  3820.7 28094.0 37449.2   6506.0     6481
read      511.7  1770.5    80.4   153.7   185.4   308.5   349.1   372.3   391.0   413.9   450.6   556.0  6554.9 31632.6 39038.6   5820.6     5807
read      413.7   672.5    68.9   130.9   153.4   325.3   408.1   463.7   507.4   562.1   635.1   776.4  1841.6  8875.0 29127.6  83050.4    83137
read      461.7  1450.0    68.9   142.1   166.5   325.3   379.2   409.7   433.5   466.0   506.4   578.1  4343.6 28891.5 37579.4   9619.4     9580
read      336.1   246.1    68.9   121.3   140.7   309.2   391.9   443.9   483.0   522.5   563.3   617.2   730.9  1284.1  8453.1  37179.2    37385
read      332.0   240.4    68.9   120.6   139.8   303.9   388.5   442.1   480.1   516.8   554.7   601.4   690.9  1395.1  9229.1  33760.6    33706
read      334.3   250.3    68.9   121.2   140.4   306.2   388.3   440.6   478.7   517.3   557.7   607.0   711.6  1804.1  8657.3  35225.8    35204
read      341.5   201.0    68.9   124.6   144.5   318.6   400.0   448.9   485.2   525.2   569.8   628.9   747.9  1061.9  7666.3  50548.4    50438
read      343.5   224.7    63.8   125.4   145.1   320.0   401.8   450.9   487.2   527.1   572.0   630.0   751.1  1050.5  7952.8  48944.4    48878
read      338.5   223.2    68.9   122.4   141.7   313.8   395.1   444.3   482.2   522.9   566.5   621.9   735.0  1159.6  8019.3  42772.4    42682
read      331.3   265.6    68.9   122.2   141.8   301.3   392.1   443.3   477.6   510.0   542.6   585.0   670.4  2011.6 10498.4  27401.6    27416
read      342.7   225.9    68.9   126.0   145.5   316.4   400.5   450.0   486.7   527.5   574.0   636.8   771.4  1108.2  8083.3  64407.6    64424
read      347.4   221.2    63.8   130.5   150.3   319.9   405.6   456.3   493.1   534.0   581.1   644.0   782.7  1133.6  8530.0  64395.0    64364
read      321.1   345.5    80.4   170.6   195.6   297.6   328.0   343.9   356.7   370.6   392.7   437.0   757.0  5864.5 14194.7   5559.8     5481
read      335.9   192.7    68.9   129.2   149.2   309.1   399.6   451.0   484.7   516.5   548.3   589.6   677.9  1680.4  4069.9  26155.2    26227
read      334.0   250.2    68.9   124.4   144.0   304.8   396.1   447.5   480.4   512.3   544.6   587.8   675.5  1836.4 11296.3  26489.4    26586
read      345.1   198.1    68.9   129.1   149.8   314.1   394.8   443.9   482.1   528.2   585.4   670.9   829.7  1117.4  5867.3  86319.4    86286
read      338.6   282.7    68.9   124.9   145.2   309.8   404.0   453.7   485.4   516.1   547.7   591.5   682.9  2108.2  9318.1  24498.8    24452
read      333.8   226.5    68.9   123.2   143.0   305.4   395.3   445.9   479.6   512.0   545.3   588.6   679.0  1937.1  8978.8  26782.4    26832
read      335.3   245.0    68.9   123.0   142.6   304.3   391.7   445.4   481.9   517.2   552.5   598.9   689.2  2185.2  9805.0  29797.2    29795
read      339.9   238.9    68.9   123.8   143.5   315.0   395.1   443.8   481.0   521.1   565.1   623.0   739.5  1313.0  8785.4  46194.2    46224
read      347.3   215.3    63.8   129.4   150.3   316.1   396.6   445.4   483.8   530.3   588.1   673.1   832.3  1172.6  7713.4  84360.0    84587
read      347.0   211.4    68.9   127.2   146.8   321.0   405.9   456.4   493.1   533.8   581.2   645.6   792.1  1187.0  7850.0  63591.4    63389
read      341.7   222.4    63.8   125.0   144.6   318.7   398.4   447.5   484.5   524.4   569.5   628.3   746.0  1089.6  8181.8  47083.6    46953
read      353.7   235.1    68.9   131.7   153.5   320.7   401.1   450.0   487.5   533.0   592.8   688.4   871.0  1479.7  8516.1  90422.4    90536
read      325.7   285.2    74.4   142.6   165.5   320.0   372.6   397.5   414.6   433.0   458.9   496.0   577.6  3437.2 12360.7  12641.4    12508
read      333.4   216.8    68.9   121.6   140.9   307.2   387.2   438.0   477.5   517.6   559.4   611.7   716.6  1221.3  8445.5  38472.0    38491
read      336.0   216.2    63.8   129.8   150.7   304.7   380.6   427.0   463.1   506.9   562.7   642.1   797.4  1152.5  8096.0  98146.2    97806
read      321.3   250.4    74.4   143.5   166.1   317.4   366.2   389.8   404.8   423.9   447.0   483.5   564.6  3478.9 11975.6  11827.6    11813
read      332.1   194.1    63.8   122.0   140.9   307.2   386.2   436.0   475.2   516.1   559.2   611.9   711.5  1253.6  5096.9  39693.4    39665
read      342.0   221.7    68.9   125.3   144.6   318.8   401.1   449.5   484.6   523.7   568.1   627.5   746.8  1081.0  9316.0  53514.4    53571
read      349.6   227.7    68.9   127.7   146.9   320.9   407.2   458.0   494.5   535.2   581.8   646.9   799.3  1919.6  8081.0  63084.4    63215
read      347.5   238.9    63.8   128.8   148.8   316.8   398.9   447.8   485.4   530.4   585.3   667.9   831.3  1183.8  8358.1  78587.0    78767
read      319.0   326.8    80.4   153.5   175.2   306.9   343.8   362.9   375.1   392.2   412.7   449.1   623.3  4230.7 10012.8   8632.4     8615
read      347.3   250.5    68.9   127.1   146.5   319.1   404.5   454.7   491.1   531.7   579.4   643.1   791.2  1271.9  9734.7  67648.6    67903
read      334.1   323.0    74.4   133.6   155.6   322.6   391.3   422.6   443.5   467.6   495.2   533.1   617.6  3749.6 10741.1  16429.2    16398
read      346.0   272.7    68.9   126.3   145.9   320.6   402.8   451.4   487.4   527.6   573.0   632.9   761.0  1377.3 10472.6  53323.0    53434
read      340.1   286.0    68.9   122.9   142.2   311.7   394.1   447.0   486.2   526.6   569.1   622.9   732.4  1505.2 10054.4  38184.4    38068
read      324.0   363.2    80.4   152.0   174.7   310.2   348.7   368.4   382.2   397.8   419.4   456.2   628.0  5434.8 14198.5   9105.8     9130
read      340.4   212.5    63.8   126.7   145.8   312.2   397.8   447.7   484.2   524.2   570.7   633.7   764.2  1149.3  7977.4  69270.6    69227

Total QPS = 49308.9 (44378012 / 900.0s)

Total connections = 64
Misses = 0 (0.0%)
Skipped TXs = 0 (0.0%)

RX 10961368717 bytes :   11.6 MB/s
TX          0 bytes :    0.0 MB/s
Warning! Detected max cpu usage > 95%
CPU Usage Stats (avg/min/max): 99.98%,49.50%,100.00%
