1713118247.7394452 4.2
1713118252.7414188 5.8
1713118257.7454667 8.6
1713118262.7499342 15.8
1713118267.7533886 14.2
1713118272.7573967 15.8
1713118277.761427 23.4
1713118282.7668447 29.6
1713118287.7694354 25.0
1713118292.7734087 26.8
1713118297.7774475 44.2
1713118302.7828295 40.4
1713118307.785416 37.4
1713118312.7894201 38.8
1713118317.7934318 67.2
1713118322.7973812 47.8
1713118327.801449 47.4
1713118332.8054621 52.4
1713118337.809381 79.5
1713118342.8134508 56.2
1713118347.8173969 60.0
1713118352.8214426 77.1
1713118357.8253706 85.5
1713118362.8295193 64.2
1713118367.8334062 64.3
1713118372.8389478 84.7
1713118377.8443484 79.1
1713118382.84955 64.0
1713118387.8534524 64.0
1713118392.857575 92.9
1713118397.863004 71.2
1713118402.8654196 63.9
1713118407.87091 65.1
1713118412.8763173 99.1