1713117700.4457486 7.8
1713117705.4493616 9.0
1713117710.4533918 11.6
1713117715.4587884 16.4
1713117720.4641194 26.4
1713117725.4694014 22.4
1713117730.4734535 24.6
1713117735.477407 37.4
1713117740.4827743 40.8
1713117745.4855342 36.0
1713117750.4894571 38.2
1713117755.4933898 60.7
1713117760.4987824 53.2
1713117765.5014915 49.6
1713117770.5055747 50.7
1713117775.5111241 82.8
1713117780.513366 62.0
1713117785.51745 62.6
1713117790.5214915 70.5
1713117795.5269144 98.6
1713117800.5296376 73.5
1713117805.5336165 74.0
1713117810.5374384 96.5
1713117815.5413756 116.3
1713117820.5454972 88.1
1713117825.549474 90.3
1713117830.5535498 125.9
1713117835.5573707 122.3
1713117840.561549 103.9
1713117845.5654733 106.1
1713117850.5694823 160.6
1713117855.5711477 127.3
1713117860.5735385 118.9
1713117865.577653 121.7