Random waveform, supplied seed
Total number of intervals = 90 (7434, 67201, 85927, 63953, 31595, 87879, 7287, 62295, 6561, 22532, 60653, 59076, 60154, 22964, 8172, 27652, 37594, 24367, 33771, 84944, 85666, 51918, 34406, 28664, 38289, 20658, 13840, 93419, 98284, 71313, 42089, 46458, 30755, 42889, 93552, 65694, 29574, 51355, 67361, 16287, 81508, 87619, 99068, 51267, 11822, 97494, 97350, 55460, 85984, 82043, 52873, 13911, 49984, 9274, 27187, 18735, 86505, 93039, 75999, 32324, 84255, 81759, 37291, 53818, 30297, 31569, 38927, 10652, 98119, 48176, 34929, 69735, 20753, 84642, 42333, 61587, 77998, 97625, 23781, 66723, 31016, 47394, 95335, 5252, 65908, 16889, 42912, 99898, 26385, 22616)
Average QPS expected = 51583
Timestamp start: 1715961089364
Timestamp end: 1715961990026

#type       avg     std     min      p5     p10     p50     p67     p75     p80     p85     p90     p95     p99    p999   p9999      QPS   target
read      272.0   353.3    74.4   123.8   143.8   252.3   285.3   302.6   315.1   330.8   351.3   394.5   627.9  4584.4 15321.4   7361.8     7434
read      393.0   489.7    63.8   126.7   149.1   331.2   414.2   460.7   495.4   538.6   597.8   713.4  1911.9  5661.5 15894.6  67051.4    67201
read      386.7   492.8    68.9   128.6   151.4   330.9   410.0   458.1   495.7   543.8   611.3   722.1  1479.5  7389.9 14331.4  85944.2    85927
read      352.3   250.9    63.8   126.0   147.0   323.3   403.3   448.9   482.6   522.7   574.5   656.4   904.5  2109.4  8418.8  63979.8    63953
read      329.3   257.8    68.9   120.5   138.6   303.9   379.3   425.5   458.3   495.1   537.7   594.9   733.4  1906.5  9240.9  31514.3    31595
read      354.6   252.0    63.8   126.5   148.5   321.1   399.8   447.2   483.6   529.6   589.9   684.9   911.5  2206.0  8003.8  87961.8    87879
read      306.0   558.7    74.4   144.0   163.9   276.7   310.2   327.7   340.5   356.9   378.6   425.0   818.4  7716.3 30712.6   7263.8     7287
read      356.1   289.1    68.9   123.2   144.2   323.6   404.7   449.2   480.8   519.4   570.6   650.6  1003.2  2857.1  8894.7  62180.0    62295
read      392.0  1337.4    68.9   121.2   147.2   268.0   309.7   333.0   350.2   372.8   406.2   482.9  3742.6 30383.9 34462.0   6552.7     6561
read      372.5   655.9    63.8   115.5   133.8   295.6   364.9   412.5   450.0   496.0   571.1   785.0  1516.9  8559.6 31263.6  22465.1    22532
read      386.1   505.9    63.8   126.9   148.2   331.6   413.4   459.2   494.4   538.4   596.0   698.5  1665.3  5104.9 24758.6  60663.1    60653
read      383.8   532.3    68.9   125.3   146.7   333.0   414.4   459.1   491.8   532.0   586.1   682.1  1585.4  5547.6 30174.6  59133.9    59076
read      381.4   458.2    68.9   124.8   146.2   331.5   413.3   457.5   489.8   529.7   583.9   679.9  1595.8  5891.1 17821.2  60112.9    60154
read      363.6   606.6    68.9   121.0   139.3   303.6   381.6   428.3   460.5   497.3   543.6   641.9  1261.0  6993.1 30997.0  22945.9    22964
read      459.3  1495.2    74.4   125.9   149.6   300.5   354.1   387.1   412.2   442.9   485.5   565.6  5313.6 30358.1 40383.6   8193.6     8172
read      345.3   341.4    68.9   121.4   139.9   310.4   383.8   431.2   466.2   505.2   549.5   624.7  1041.8  2904.4 12143.2  27653.0    27652
read      353.4   394.0    68.9   121.9   140.6   320.1   390.4   433.5   468.3   510.0   560.3   631.5  1080.1  3362.6 15553.2  37569.5    37594
read      344.0   425.6    68.9   120.6   138.7   301.5   374.3   421.1   453.9   490.2   534.2   610.8  1066.8  4688.7 16023.0  24435.6    24367
read      360.1   461.8    63.8   121.3   139.9   316.2   393.4   443.2   481.5   524.0   572.4   640.3  1156.1  4296.4 18451.5  33748.5    33771
read      409.8   692.8    68.9   126.7   150.8   343.8   424.6   470.9   506.5   552.6   624.4   750.4  1492.9  9251.1 31345.2  85022.1    84944
read      371.3   352.3    63.8   126.3   149.2   327.5   407.5   455.1   491.6   538.3   603.8   713.1  1085.8  4050.6 10569.3  85758.1    85666
read      368.5   311.9    68.9   128.7   149.7   337.9   417.6   461.5   495.0   535.6   586.6   664.5  1086.1  2958.0 10121.1  51904.7    51918
read      348.3   324.9    68.9   121.8   140.8   322.3   388.5   428.7   460.8   500.2   548.4   624.9  1044.3  2828.0 12210.9  34367.8    34406
read      348.9   272.0    68.9   123.9   142.9   319.0   394.5   442.6   478.2   517.5   562.5   627.2   987.1  2426.5 11491.6  28638.8    28664
read      351.2   322.5    68.9   122.1   141.6   326.1   393.8   432.8   463.4   500.6   547.9   622.1  1011.4  3206.7 10453.3  38290.2    38289
read      352.0   463.2    68.9   124.6   143.5   303.4   373.9   418.5   450.6   488.9   539.1   661.3  1133.8  5388.6 20618.9  20624.6    20658
read      348.1   576.8    68.9   122.1   140.7   294.6   353.6   390.0   419.8   461.3   531.4   650.9  1280.6  6595.7 31074.2  13814.9    13840
read      364.0   397.6    68.9   125.4   148.7   324.3   401.7   447.5   481.6   525.2   587.3   691.2   935.2  4554.4 16359.4  93463.7    93419
read      362.8   346.2    63.8   127.0   150.7   325.1   403.2   449.6   484.8   529.1   590.9   696.0   934.8  3498.3 12136.4  98406.0    98284
read      360.0   312.6    68.9   126.4   146.0   322.7   404.2   452.5   488.3   531.9   587.5   675.7   963.6  3508.0  9900.1  71293.8    71313
read      366.8   347.8    68.9   126.2   145.6   333.3   410.5   456.5   492.0   534.3   585.4   659.1  1137.0  4027.7 10788.7  42121.7    42089
read      346.2   344.0    68.9   123.2   142.3   320.0   393.0   435.7   469.2   509.3   558.9   627.1   825.1  2867.9 12490.8  46442.8    46458
read      339.2   304.1    68.9   120.2   138.3   303.7   383.1   433.9   469.5   508.1   551.2   614.6   917.4  3266.0  9735.6  30725.1    30755
read      362.9   436.2    68.9   121.3   140.3   322.0   397.6   444.7   481.6   525.4   577.3   649.2  1230.9  5451.5 15820.6  42849.6    42889
read      402.2   564.9    68.9   134.5   158.3   341.5   420.7   467.0   505.2   556.4   629.8   754.6  1606.2  6959.2 28063.6  93633.6    93552
read      374.3   513.9    63.8   125.2   144.2   325.0   406.0   454.0   490.1   533.9   588.9   675.1  1457.9  5622.9 19864.0  65577.8    65694
read      334.1   341.6    68.9   119.2   137.2   298.7   378.4   429.0   463.2   499.3   539.9   593.9   832.1  3309.9 12730.6  29549.1    29574
read      365.6   393.7    68.9   126.0   145.4   331.7   409.7   454.8   488.9   530.2   581.6   656.5  1041.5  3752.8 15527.2  51315.4    51355
read      406.0   584.3    68.9   129.5   149.6   334.0   419.1   469.3   508.4   557.5   622.0   740.5  1976.9  7097.1 28594.4  67498.4    67361
read      494.3  1212.0    74.4   131.1   151.5   350.1   454.9   526.7   579.5   635.5   704.7   814.5  4389.2 16927.1 37572.1  16239.3    16287
read      454.0   744.4    68.9   135.9   160.2   356.9   441.0   496.1   541.9   602.0   689.2   881.3  2258.8  9653.9 31591.0  81537.6    81508
read      418.9   675.2    68.9   136.2   160.2   348.6   429.8   478.8   518.5   571.4   643.6   768.1  1683.0  8646.4 30509.2  87693.2    87619
read      412.9   543.7    68.9   139.9   166.7   357.0   436.9   484.0   521.3   572.9   649.2   786.9  1266.0  7115.4 21797.8  99267.1    99068
read      367.2   340.5    68.9   124.9   144.4   332.7   411.9   457.8   492.6   534.3   586.0   667.1  1247.8  3124.5 12062.4  51271.8    51267
read      447.9  1194.8    74.4   135.8   156.1   330.9   403.4   452.3   490.5   537.0   595.6   710.9  3013.3 21249.0 38885.4  11810.9    11822
read      370.2   399.9    68.9   131.1   153.4   323.2   400.0   447.0   484.7   533.5   598.1   704.1  1136.4  4233.8 13828.6  97466.3    97494
read      350.4   289.9    63.8   129.5   150.7   316.8   393.9   439.1   474.3   519.6   579.4   671.6   870.4  2215.3 11376.3  97499.1    97350
read      377.5   421.8    68.9   125.9   145.4   331.2   412.1   458.9   494.9   538.7   593.0   682.2  1551.2  4386.7 14157.0  55509.3    55460
read      412.9   509.4    68.9   135.1   158.6   350.5   433.2   482.5   521.9   574.3   646.8   780.5  1765.1  5718.6 17723.5  85813.2    85984
read      408.2   620.0    68.9   132.5   155.1   344.7   427.1   476.1   514.9   565.1   634.7   751.8  1504.6  8135.0 29770.2  82091.9    82043
read      372.9   436.9    68.9   125.9   145.2   331.7   411.5   457.5   492.7   535.0   587.8   670.9  1345.7  4304.1 14912.0  53031.1    52873
read      421.8   995.9    74.4   132.3   152.4   330.2   401.1   444.4   479.3   526.3   587.9   688.2  2397.0  9635.5 35170.9  13920.4    13911
read      374.0   490.7    68.9   124.4   143.7   327.5   405.2   452.4   488.1   531.3   585.3   669.3  1448.3  4844.6 21658.6  49872.5    49984
read      463.0  1514.5    74.4   135.7   157.0   313.8   371.1   405.3   431.7   462.2   501.8   577.8  4817.2 30519.0 45083.4   9292.7     9274
read      355.4   448.9    68.9   119.5   138.0   302.8   388.8   441.5   477.1   514.5   561.0   648.5  1127.7  5473.3 14846.6  27195.7    27187
read      455.9  1054.3    68.9   125.5   145.3   336.5   442.0   511.1   568.3   630.8   704.8   806.5  2650.5 14968.3 36229.0  18720.7    18735
read      403.4   567.1    68.9   132.6   155.2   336.1   415.7   464.5   503.9   555.4   627.3   750.7  1754.5  6816.4 29550.1  86532.5    86505
read      401.7   613.4    68.9   136.0   158.9   338.3   417.6   465.7   504.9   555.1   624.3   737.5  1372.2  7998.5 30194.5  92987.8    93039
read      386.0   549.3    63.8   127.1   147.1   324.3   405.7   455.1   492.7   540.1   603.2   711.8  1640.2  6533.7 29737.4  75877.5    75999
read      336.9   321.5    68.9   117.3   135.2   300.5   377.1   427.8   464.0   503.6   546.5   611.9  1043.6  2862.2  9012.1  32476.9    32324
read      388.2   499.8    68.9   128.4   149.4   324.6   403.8   453.1   492.0   541.9   610.1   724.2  1702.9  6516.8 17373.1  84192.3    84255
read      397.8   621.6    68.9   129.7   151.0   330.6   411.3   459.8   497.9   546.2   613.0   725.1  1644.0  7848.0 30133.0  81598.1    81759
read      347.0   320.8    68.9   120.4   138.6   312.9   387.3   434.9   471.8   513.8   561.5   627.3  1059.6  3865.8 11216.2  37192.8    37291
read      366.0   434.5    63.8   123.7   142.8   324.5   401.4   445.6   479.6   522.0   575.1   655.1  1366.1  4270.6 15862.5  53795.1    53818
read      339.8   324.3    68.9   120.0   138.1   303.3   381.4   431.4   466.7   504.8   547.2   609.7  1000.4  3436.9 12126.2  30253.8    30297
read      345.9   410.8    68.9   119.0   137.2   303.6   383.5   434.3   470.9   510.0   553.5   617.6  1046.8  4140.3 13652.6  31598.6    31569
read      352.8   467.5    68.9   119.2   137.6   311.0   385.3   432.4   469.3   512.2   561.2   630.8  1094.3  4876.8 23932.0  38879.0    38927
read      467.8  1470.0    74.4   132.0   152.5   316.7   380.8   420.6   450.9   486.1   530.4   606.6  5126.0 30166.5 39328.3  10578.3    10652
read      356.3   337.6    68.9   130.3   151.9   317.7   394.9   440.8   477.0   523.0   584.1   679.0   910.1  3465.2 12682.1  98130.4    98119
read      362.6   526.7    63.8   121.4   140.1   317.3   391.6   435.3   469.5   512.0   565.1   639.4  1322.7  5830.7 25414.3  48172.1    48176
read      349.5   338.7    68.9   119.7   138.1   311.6   387.9   436.0   473.2   514.6   563.3   634.3  1141.9  3193.4 11414.1  34845.6    34929
read      377.8   448.1    63.8   126.2   145.4   320.8   402.9   451.5   488.6   533.8   590.5   687.4  1716.7  4774.9 12889.8  69632.7    69735
read      454.2  1060.0    68.9   121.9   141.6   316.9   421.3   482.5   535.3   613.6   717.6   856.3  2873.2 13433.9 37471.5  20795.9    20753
read      414.1   582.3    68.9   130.3   152.8   336.1   417.5   467.9   510.4   567.1   641.7   793.0  1973.2  7668.3 24604.7  84713.4    84642
read      336.2   304.4    63.8   119.7   138.5   307.8   380.4   425.0   459.5   499.9   546.0   610.7   793.6  2992.6  9921.1  42302.9    42333
read      331.7   200.7    63.8   122.4   141.5   314.5   388.7   430.6   462.2   499.1   543.4   605.0   730.4  1036.8  7210.7  61583.1    61587
read      335.5   240.9    63.8   123.2   142.5   308.3   385.7   430.9   465.2   506.6   559.7   636.2   797.9  1276.5  8425.8  77876.1    77998
read      338.4   235.7    63.8   128.3   149.1   309.2   383.6   428.2   462.9   505.8   563.7   648.3   818.6  1180.6  8130.6  97594.8    97625
read      316.1   226.9    63.8   122.1   141.2   297.0   368.4   407.6   435.3   465.3   500.4   547.3   647.0  1573.4 11157.8  23809.0    23781
read      337.1   225.5    63.8   121.6   142.7   313.2   390.1   434.0   466.0   503.9   551.2   625.0   798.8  1159.6  8757.7  66600.4    66723
read      310.0   230.4    63.8   116.5   134.5   293.6   349.0   385.5   414.9   451.2   495.5   555.9   714.6  1561.3  9493.6  30999.6    31016
read      324.5   219.7    63.8   120.9   140.8   305.9   373.6   412.4   440.9   475.9   520.9   586.4   774.3  1177.5  9019.4  47483.6    47394
read      335.2   222.7    63.8   121.8   144.0   307.3   381.2   425.8   460.0   501.8   558.3   645.8   816.4  1151.0  7838.3  95462.9    95335
read      256.6   330.5    74.4   128.8   151.4   227.2   259.1   278.8   293.9   313.2   338.3   379.8   589.5  4795.1 12743.1   5263.7     5252
read      336.9   205.1    63.8   121.0   141.3   315.3   392.6   436.1   468.2   506.5   555.9   626.7   783.5  1213.2  7365.0  65760.6    65908
read      292.4   247.8    68.9   118.6   136.4   278.9   331.9   361.7   384.0   410.3   443.1   491.8   590.1  1644.1 12105.1  16932.0    16889
read      327.0   209.4    63.8   119.5   139.0   308.7   377.6   418.8   450.8   489.4   536.5   602.1   744.8  1123.7  7666.5  42839.7    42912
read      332.6   208.5    63.8   122.8   144.9   304.3   378.0   422.7   457.0   499.3   555.3   639.4   806.6  1133.4  6370.9  99942.7    99898
read      305.5   357.8    63.8   116.8   134.8   285.2   341.6   377.6   406.3   439.9   482.7   540.8   678.2  1602.1 10234.6  26363.5    26385
read      291.9   218.0    63.8   116.7   134.4   276.9   328.9   360.7   385.7   416.3   454.7   507.0   625.5  1589.3  9002.4  22586.8    22616

Total QPS = 51576.8 (46419160 / 900.0s)

Total connections = 64
Misses = 0 (0.0%)
Skipped TXs = 0 (0.0%)

RX 11465532767 bytes :   12.1 MB/s
TX          0 bytes :    0.0 MB/s
Warning! Detected max cpu usage > 95%
CPU Usage Stats (avg/min/max): 99.86%,0.00%,100.00%
