Random waveform, supplied seed
Total number of intervals = 450 (7434, 67201, 85927, 63953, 31595, 87879, 7287, 62295, 6561, 22532, 60653, 59076, 60154, 22964, 8172, 27652, 37594, 24367, 33771, 84944, 85666, 51918, 34406, 28664, 38289, 20658, 13840, 93419, 98284, 71313, 42089, 46458, 30755, 42889, 93552, 65694, 29574, 51355, 67361, 16287, 81508, 87619, 99068, 51267, 11822, 97494, 97350, 55460, 85984, 82043, 52873, 13911, 49984, 9274, 27187, 18735, 86505, 93039, 75999, 32324, 84255, 81759, 37291, 53818, 30297, 31569, 38927, 10652, 98119, 48176, 34929, 69735, 20753, 84642, 42333, 61587, 77998, 97625, 23781, 66723, 31016, 47394, 95335, 5252, 65908, 16889, 42912, 99898, 26385, 22616, 50605, 90283, 26273, 48521, 34058, 75648, 19482, 15054, 75754, 5187, 17656, 96343, 36665, 85269, 31525, 61798, 12253, 25710, 79937, 7271, 85861, 91467, 72217, 31080, 76878, 84584, 12492, 57106, 96245, 6791, 90728, 5151, 82969, 42635, 99337, 95192, 69200, 49459, 29055, 64324, 5705, 84816, 23714, 74116, 19948, 44213, 19454, 7190, 47657, 44399, 6481, 5807, 83137, 9580, 37385, 33706, 35204, 50438, 48878, 42682, 27416, 64424, 64364, 5481, 26227, 26586, 86286, 24452, 26832, 29795, 46224, 84587, 63389, 46953, 90536, 12508, 38491, 97806, 11813, 39665, 53571, 63215, 78767, 8615, 67903, 16398, 53434, 38068, 9130, 69227, 37496, 83925, 51037, 33690, 51474, 73708, 98618, 81977, 91567, 48236, 91726, 52458, 70467, 71151, 65016, 42057, 78821, 60720, 39911, 10628, 73736, 7334, 91868, 76670, 10405, 26019, 55530, 29615, 66057, 55281, 21177, 88239, 70227, 23421, 97104, 6235, 58045, 23729, 40897, 53312, 87262, 81836, 92274, 47252, 75747, 80994, 98224, 7737, 37514, 10640, 90490, 92514, 89245, 73823, 46565, 21419, 66915, 31667, 72255, 99535, 9226, 67844, 71413, 97328, 55113, 53743, 15253, 90605, 25767, 93458, 95080, 88399, 95681, 33003, 98809, 64610, 51183, 20194, 7602, 46677, 5577, 23035, 57516, 62851, 38431, 25729, 19443, 19461, 42341, 5691, 40223, 29941, 41162, 43863, 20318, 93421, 48578, 40595, 17677, 78948, 9703, 9686, 7968, 15830, 8192, 79410, 76582, 54634, 72177, 15101, 8167, 44130, 53047, 97171, 81360, 77277, 38294, 11165, 74155, 12255, 52404, 17057, 6005, 85707, 79742, 58322, 26212, 69487, 29507, 51412, 67374, 55125, 53048, 12192, 36138, 60799, 36368, 39729, 95693, 40999, 65037, 12633, 50117, 62765, 12379, 49369, 39111, 52692, 24539, 61591, 47864, 16479, 75268, 8714, 13002, 77147, 43518, 27206, 55859, 37448, 45026, 99974, 64632, 49061, 80418, 16471, 35694, 13935, 79838, 48842, 17708, 31401, 62091, 87121, 81929, 42013, 90709, 67578, 58116, 68886, 93119, 95079, 77456, 15723, 9867, 8176, 89745, 11058, 81413, 21659, 27181, 17420, 23028, 33694, 32735, 57645, 45216, 57659, 85443, 14390, 31520, 67089, 16537, 18930, 46784, 93102, 89799, 66551, 93104, 43768, 54006, 64618, 86482, 77459, 61365, 52346, 87286, 17384, 98165, 63330, 5866, 37693, 75360, 34753, 59823, 68266, 39383, 65072, 33192, 51847, 62362, 84073, 64213, 27059, 54703, 98366, 29565, 75000, 62235, 47788, 68928, 36478, 76067, 47020, 81656, 16396, 21661, 50156, 54102, 65670, 17584, 30347, 21534, 10216, 80544, 45508, 21591, 15435, 14502, 16369, 42077, 38334, 17694, 75056, 53845, 13319, 77808, 44423, 25669, 66463)
Average QPS expected = 50157
Timestamp start: 1715952999044
Timestamp end: 1715953899847

#type       avg     std     min      p5     p10     p50     p67     p75     p80     p85     p90     p95     p99    p999   p9999      QPS   target
read      272.4   312.9    80.4   132.7   152.6   255.5   287.4   304.6   316.7   332.2   352.1   395.2   562.0  4939.8 11638.0   7249.0     7434
read      375.6   402.7    68.9   126.1   148.5   331.3   414.7   462.0   498.3   542.8   604.9   711.8  1235.4  3843.6 12760.0  66628.5    67201
read      372.1   415.3    68.9   126.1   149.2   333.6   414.5   459.9   494.2   538.1   605.0   713.3   980.2  3909.2 13376.8  86078.0    85927
read      352.1   334.2    68.9   123.6   145.0   321.1   401.7   445.2   476.3   515.5   567.4   647.5   884.8  3112.1  9317.2  63761.5    63953
read      329.3   259.5    68.9   119.0   137.8   305.9   372.4   413.0   443.2   478.3   522.4   588.3   794.9  2141.2  9937.5  31617.5    31595
read      362.2   272.4    63.8   124.5   148.2   332.0   411.7   457.8   492.0   535.3   600.4   704.3   923.9  1551.1 11464.6  87791.0    87879
read      286.3   489.0    74.4   124.3   143.8   251.9   285.5   303.7   318.0   335.4   358.6   402.7  1351.4  6360.7 19761.1   7419.5     7287
read      354.4   254.8    68.9   122.5   143.8   327.2   408.1   450.8   481.5   519.7   572.1   655.0   902.8  2418.7  8658.0  62031.0    62295
read      288.3   538.9    74.4   124.7   146.1   245.3   279.3   298.4   313.1   331.1   357.1   404.4  1141.3  8504.3 19494.1   6598.0     6561
read      346.9   459.2    68.9   119.1   137.3   296.7   369.5   415.2   447.1   481.9   525.6   616.3  1341.2  4797.0 26337.5  22488.5    22532
read      352.0   244.0    63.8   123.0   143.9   321.0   400.9   447.8   482.9   525.2   576.7   655.6   950.5  2440.5  7659.2  60921.5    60653
read      343.5   203.2    68.9   124.5   144.7   320.4   398.7   443.6   476.4   514.7   563.6   635.0   810.2  1678.8  7309.9  59190.0    59076
read      350.9   299.5    68.9   124.4   144.7   320.7   398.7   442.2   475.1   514.4   563.8   637.6   886.3  3116.3  9457.8  60081.5    60154
read      326.5   256.1    68.9   123.2   142.2   299.9   379.5   425.2   454.1   484.2   519.3   573.1   776.8  1736.5  8597.1  22966.5    22964
read      305.5   471.6    80.4   140.0   161.2   286.4   319.8   338.7   351.9   367.8   389.8   429.5   580.7  7801.7 17433.9   8179.0     8172
read      322.3   196.4    68.9   119.0   137.1   298.2   374.6   424.0   456.9   491.2   530.0   581.4   712.6  1530.8  6239.9  27311.5    27652
read      331.9   199.7    68.9   121.3   140.1   308.8   382.6   429.5   464.6   504.2   550.0   614.3   749.8  1554.2  7820.9  37639.5    37594
read      323.4   242.7    74.4   120.4   139.0   297.3   373.9   419.4   450.3   481.5   517.1   570.3   740.7  1796.5  9700.1  24561.0    24367
read      338.4   358.7    68.9   121.1   140.0   311.3   383.2   429.0   463.3   502.1   544.5   604.6   781.8  2933.8  8927.5  34024.5    33771
read      357.3   283.7    68.9   124.9   147.1   323.0   404.1   451.0   486.6   532.3   594.0   688.0   928.0  2020.3 10268.2  84814.5    84944
read      363.4   261.2    68.9   125.0   147.9   335.0   414.9   458.8   491.3   532.8   594.5   708.7   923.2  1731.1 10891.1  85550.5    85666
read      340.6   219.0    68.9   121.5   142.3   321.4   394.2   433.4   462.3   497.7   542.7   620.0   853.0  1590.8  8734.7  52134.5    51918
read      343.8   238.9    68.9   121.0   140.0   318.6   386.9   428.5   459.0   496.7   545.9   637.6  1036.3  2093.6  7569.0  34186.5    34406
read      337.5   319.7    68.9   117.6   135.9   311.8   374.5   414.4   444.8   480.7   525.1   594.9   966.5  3888.2  7916.7  28690.0    28664
read      346.3   350.8    74.4   121.6   141.0   318.8   388.6   427.4   457.1   494.6   542.7   621.0  1009.9  3024.8 10938.1  38295.5    38289
read      347.2   420.2    74.4   121.1   139.3   297.9   369.3   415.1   446.5   482.0   531.5   653.7  1091.6  5714.1 17410.4  20620.0    20658
read      345.8   588.7    74.4   122.4   141.1   301.1   364.4   402.2   431.3   469.1   528.6   641.5  1052.2  3954.1 36383.9  13810.5    13840
read      399.9   558.1    68.9   128.7   154.5   338.7   415.3   460.6   497.3   547.3   625.0   748.0  1548.4  6728.7 27227.9  92944.0    93419
read      373.6   371.3    68.9   128.1   153.5   328.7   405.2   451.0   486.7   533.1   599.0   713.7  1083.2  4525.7 12397.2  98972.5    98284
read      383.6   431.4    68.9   124.4   147.2   332.4   415.6   463.0   499.2   543.9   609.7   718.7  1456.2  4875.4 14152.8  71349.5    71313
read      360.6   376.6    68.9   124.9   144.5   326.7   400.8   443.1   475.4   517.0   567.0   647.1  1068.3  4581.7 16553.3  41738.0    42089
read      349.7   249.0    68.9   124.7   144.7   322.6   396.6   438.4   469.9   508.0   555.4   633.6  1031.6  2497.1  8282.4  46699.0    46458
read      335.0   253.0    68.9   119.8   137.9   309.6   379.7   425.1   457.3   494.0   538.9   607.9   859.1  2678.4 11437.6  30887.0    30755
read      358.6   286.3    68.9   124.2   144.2   327.0   401.4   442.8   474.6   514.6   567.3   654.4  1156.0  3473.5  9291.9  42899.0    42889
read      384.7   399.0    68.9   128.7   153.7   334.1   414.7   462.2   499.3   547.0   619.0   734.2  1299.0  4923.2 12730.4  93875.5    93552
read      360.8   296.7    68.9   123.3   143.5   322.1   404.6   452.5   487.9   531.3   585.7   669.5  1119.0  3375.4  9597.7  65886.0    65694
read      348.7   345.4    68.9   120.0   138.2   312.0   400.0   453.6   489.8   528.6   573.1   640.8   933.9  2561.6 13480.7  29533.0    29574
read      362.1   267.1    68.9   124.9   145.7   330.9   412.6   459.0   494.5   536.9   589.0   669.7  1119.4  2247.7  8590.2  51145.5    51355
read      374.7   343.2    68.9   124.1   145.0   330.6   416.2   465.1   502.8   548.8   607.5   700.8  1346.9  3675.3 11185.7  67460.5    67361
read      380.6   749.9    74.4   123.5   143.2   314.0   389.8   431.2   460.8   496.4   549.2   690.1  1546.9  8543.1 35668.7  16139.0    16287
read      387.1   482.2    68.9   124.6   147.2   336.0   418.0   463.6   498.5   542.5   610.2   727.0  1167.7  6085.4 18198.3  81630.0    81508
read      371.7   407.5    68.9   124.1   147.2   328.9   407.0   451.5   484.2   527.5   591.7   704.9  1130.7  3718.7 15610.7  87360.5    87619
read      392.0   432.0    68.9   129.0   155.8   340.7   416.0   459.7   494.9   542.8   621.6   750.8  1521.2  5734.1 16356.6  98672.0    99068
read      364.5   263.7    68.9   125.7   146.8   333.9   414.6   457.5   488.4   526.7   579.7   668.6  1093.3  2909.1  7488.2  51292.5    51267
read      325.7   532.4    74.4   118.1   135.8   287.5   339.4   372.1   399.5   433.3   485.3   582.3   940.7  4923.3 28586.1  11854.0    11822
read      373.3   423.5    63.8   126.6   151.2   331.5   408.6   453.7   487.5   531.7   596.3   706.0   944.4  5422.2 17321.5  96923.0    97494
read      354.1   310.9    68.9   124.0   147.2   321.8   398.9   443.0   474.6   516.2   577.3   679.4   894.8  2321.8 12370.9  97087.0    97350
read      362.2   283.5    68.9   123.0   144.4   329.0   407.9   451.4   482.5   520.2   571.0   659.1  1216.4  2877.3  8650.4  55372.5    55460
read      379.5   377.9    68.9   126.5   150.5   336.5   416.0   460.7   495.2   539.4   608.6   726.2  1129.7  4128.6 10783.1  86225.0    85984
read      372.6   293.8    68.9   124.9   148.5   333.9   414.7   459.8   493.4   537.3   604.1   714.5  1138.1  3184.1  9150.2  82205.5    82043
read      364.9   280.5    74.4   126.7   147.6   334.5   414.7   459.7   492.6   532.9   585.1   669.0  1005.8  2803.2 12129.0  52895.0    52873
read      354.2   407.2    74.4   126.7   146.4   314.8   382.2   421.8   449.2   483.0   534.9   651.9   939.2  5131.1 13484.4  13995.0    13911
read      365.6   454.3    68.9   123.5   143.8   325.3   402.0   445.5   478.3   520.5   572.8   660.1  1209.5  3896.7 13612.9  49880.0    49984
read      374.0   921.7    74.4   129.9   152.9   301.3   349.4   379.7   403.9   435.2   476.2   548.3  2205.2  8653.7 36635.4   9258.5     9274
read      363.4   354.9    68.9   121.6   140.7   315.4   390.2   438.7   476.0   519.0   578.6   730.2  1207.2  4515.3  7967.3  27127.0    27187
read      479.2  1283.0    74.4   117.1   136.9   311.0   411.4   487.8   563.1   652.1   736.0   865.4  3986.7 18063.1 39839.1  18650.5    18735
read      419.1   576.6    63.8   128.3   154.2   346.5   426.0   474.9   517.4   576.3   665.7   820.6  1878.2  6294.9 30873.8  86377.5    86505
read      347.7   315.2    68.9   123.7   146.1   317.3   395.0   438.8   470.9   511.8   571.6   669.0   855.8  1376.2 13023.0  92925.5    93039
read      353.0   269.0    63.8   121.2   142.7   325.4   404.3   449.1   481.6   522.0   579.9   678.0   876.4  1374.7  9690.8  75907.0    75999
read      336.7   376.4    68.9   117.4   135.2   309.0   372.8   411.3   440.3   475.6   522.4   599.2   938.7  3784.9 12839.2  32401.5    32324
read      402.3   477.4    68.9   129.0   154.4   349.1   431.1   477.0   512.7   561.6   640.3   769.7  1458.2  4730.1 17306.2  84081.0    84255
read      385.4   409.9    68.9   126.0   149.5   339.9   419.9   464.1   498.6   543.0   614.2   736.8  1153.5  4533.7 11807.6  81511.5    81759
read      357.2   263.6    74.4   122.2   142.3   329.8   402.3   443.3   473.6   511.2   563.8   655.2  1121.6  2790.9  9875.8  37417.5    37291
read      364.7   337.9    68.9   124.3   145.8   328.7   409.9   452.8   484.1   522.5   575.9   664.6  1090.8  3023.3 10180.9  53797.5    53818
read      346.4   314.9    74.4   120.3   139.4   314.0   383.6   428.5   462.1   500.3   546.8   624.7  1052.0  3843.0  9203.6  30306.0    30297
read      342.2   236.0    68.9   120.2   139.0   315.4   389.9   435.5   469.7   509.0   555.0   628.4   974.0  1790.2  9224.4  31482.5    31569
read      356.1   302.5    68.9   123.0   143.0   322.2   397.8   442.1   474.7   515.4   567.4   647.2  1125.9  3809.2 12351.3  38851.0    38927
read      351.1   728.7    68.9   128.7   148.5   302.0   353.9   387.5   414.0   449.9   502.9   590.2   991.0  7848.0 35933.5  10690.5    10652
read      389.2   508.0    68.9   130.1   155.7   338.2   417.6   463.1   499.2   547.2   620.7   738.9  1073.8  6576.0 27299.2  97832.5    98119
read      363.3   338.2    74.4   121.8   142.8   324.2   401.3   442.7   474.0   513.0   566.6   654.3  1393.1  4826.5 10439.8  48166.5    48176
read      347.6   293.4    68.9   120.1   139.8   322.5   390.7   429.8   460.2   496.5   544.9   627.1   947.1  3630.4  7876.5  35248.0    34929
read      377.5   358.9    68.9   124.4   146.8   333.7   415.1   461.9   497.4   541.4   605.6   716.0  1356.8  3610.6 11993.8  69637.0    69735
read      341.2   289.1    68.9   117.6   135.8   295.4   364.3   410.4   444.4   485.8   552.5   731.5  1018.6  3426.8 12157.7  20848.5    20753
read      434.9   584.5    68.9   132.9   161.3   360.9   444.4   495.3   537.2   596.5   687.4   854.5  1960.0  5865.6 30996.2  84882.5    84642
read      342.3   244.0    68.9   119.3   139.1   316.5   388.5   426.9   455.7   490.8   537.1   617.9   990.6  2815.0  8868.6  42216.0    42333
read      363.7   258.5    68.9   122.9   144.1   331.5   415.8   459.9   491.4   530.3   583.8   675.2  1015.5  2749.7  8097.2  61391.0    61587
read      380.4   349.0    68.9   123.8   146.2   333.7   414.0   459.7   495.4   541.2   610.8   730.7  1438.2  3883.4 10633.4  78043.0    77998
read      402.1   442.9    68.9   131.9   160.4   355.1   434.9   479.4   514.5   563.1   636.1   763.9  1057.2  7355.0 12859.9  97604.5    97625
read      326.3   231.6    68.9   116.6   134.8   301.2   362.0   401.7   431.9   466.5   509.1   583.6   886.4  2863.0  7783.8  23841.5    23781
read      381.9   529.8    68.9   123.1   144.4   329.3   412.9   459.3   494.5   538.7   598.2   691.5  1292.4  6888.9 30399.8  66725.5    66723
read      370.8   561.2    74.4   122.3   141.5   323.1   403.6   453.9   490.5   531.6   578.9   653.6  1078.0  7459.1 30007.2  30967.0    31016
read      368.3   450.8    68.9   124.4   145.0   330.6   409.2   456.2   491.4   532.8   585.4   668.5  1051.6  5476.0 19425.6  47049.0    47394
read      362.8   397.4    68.9   127.9   150.6   321.8   400.4   447.9   484.7   531.5   591.8   689.4   939.6  3348.1 18233.9  95290.5    95335
read      369.5   931.7    80.4   154.3   177.9   279.5   313.4   332.5   346.0   364.7   392.8   460.2  3518.7 10482.7 31663.3   5360.0     5252
read      406.4   578.2    68.9   127.6   148.8   339.3   428.7   478.7   516.7   564.1   633.8   754.3  1823.1  6314.4 29498.6  65526.5    65908
read      459.1   962.3    74.4   124.5   144.8   334.1   440.8   512.4   567.8   639.8   712.2   832.3  2944.1  8675.0 36008.7  16859.5    16889
read      347.9   304.8    68.9   123.4   143.3   316.0   388.4   431.4   465.4   506.6   559.8   638.6   969.8  2806.0  9449.1  42582.0    42912
read      362.8   271.9    63.8   127.5   152.3   327.1   407.8   455.2   491.1   536.6   598.1   701.1   930.9  2599.2  8154.8  99638.5    99898
read      326.2   333.5    68.9   119.2   137.6   297.3   367.7   411.4   443.8   479.4   520.3   580.3   791.4  2902.8 17895.8  26543.0    26385
read      319.6   318.5    68.9   121.8   141.1   297.4   368.2   412.1   441.5   473.2   509.7   563.5   664.1  1738.9 12496.3  22538.0    22616
read      359.3   468.6    68.9   123.1   143.7   321.0   394.9   436.2   468.0   506.5   555.6   636.1   967.2  5535.5 21577.6  50103.5    50605
read      358.5   264.3    68.9   125.6   148.2   323.7   403.9   450.8   486.3   531.5   593.5   696.1   928.8  2684.1 10240.1  90340.0    90283
read      317.2   209.1    74.4   118.6   136.3   295.7   361.8   403.1   434.1   467.2   506.9   566.9   728.6  2214.7  5504.4  26278.5    26273
read      334.1   223.9    68.9   123.4   143.2   315.9   388.3   429.1   459.7   496.1   541.8   607.9   762.6  1237.9  8575.7  48296.0    48521
read      325.0   208.8    68.9   119.1   137.3   304.8   371.6   414.1   445.5   483.8   528.0   589.0   749.7  1771.4  6996.1  34189.5    34058
read      354.4   234.2    63.8   122.9   144.8   325.9   406.3   451.2   485.2   528.7   588.0   683.0   884.6  1796.4  8771.3  75727.5    75648
read      311.1   227.5    68.9   120.3   138.7   294.6   361.5   398.7   424.2   451.8   484.6   534.7   658.1  1713.8  8219.2  19385.5    19482
read      441.8  1151.4    74.4   122.3   142.5   316.1   389.0   433.1   466.9   513.2   583.1   711.5  3602.2 15505.7 32532.6  14951.5    15054
read      562.3  1077.4    68.9   131.3   162.7   358.2   449.0   520.8   587.6   687.9   958.1  1683.4  3322.4 14663.4 36016.7  75738.5    75754
read      404.9  1510.1    86.8   149.0   172.7   276.9   312.5   332.5   346.5   368.3   398.2   462.0  3399.8 31371.1 36978.8   5111.0     5187
read      336.1   432.5    74.4   122.5   141.6   309.4   382.8   419.0   442.0   466.8   500.2   553.9   920.1  5491.0 13768.7  17618.0    17656
read      424.6   792.3    68.9   133.7   160.6   345.6   422.3   468.2   506.7   559.5   637.0   761.3  1766.0 12365.9 31555.4  96405.5    96343
read      343.2   303.5    68.9   117.7   136.4   306.2   383.5   431.9   469.4   512.1   559.7   632.0  1103.0  3780.2 10783.9  36764.0    36665
read      422.2   591.9    68.9   130.0   154.2   340.7   426.3   480.6   524.7   583.4   664.6   823.8  1984.7  6004.8 28658.9  84791.5    85269
read      357.1   391.2    74.4   120.1   138.6   314.9   393.0   444.5   480.6   521.5   569.5   646.6  1151.7  4329.3 14752.3  31401.0    31525
read      403.5   642.9    68.9   123.3   145.1   331.7   418.1   467.6   504.9   551.9   614.6   719.1  1843.6  7324.8 30475.4  61774.0    61798
read      430.2  1105.1    74.4   123.9   144.0   326.7   406.3   454.8   490.1   530.2   578.9   664.1  2410.0 12097.8 32337.7  12355.0    12253
read      401.9   779.6    68.9   118.3   137.2   308.1   396.1   451.9   490.2   532.5   592.8   792.2  1976.9  8038.5 35622.3  25586.5    25710
read      413.5   498.5    68.9   126.1   150.2   339.1   423.6   473.5   515.8   572.8   652.3   809.8  1900.0  4673.5 22598.1  79549.0    79937
read      394.3  1067.5    80.4   140.7   167.0   293.8   333.8   357.8   375.6   400.5   435.0   498.7  3075.8 11873.3 33872.6   7226.5     7271
read      437.9   530.4    68.9   131.8   158.5   355.8   445.6   504.2   554.4   621.5   719.4   909.4  1869.2  6768.4 18198.1  85545.0    85861
read      378.3   386.6    68.9   127.0   150.8   332.4   413.4   461.3   498.7   546.5   616.5   732.5  1173.8  4474.5 12162.8  91806.5    91467
read      348.6   297.5    68.9   118.1   138.4   308.5   389.1   435.9   472.0   517.3   572.4   659.7  1103.7  3327.8  9303.6  72151.5    72217
read      376.8   674.4    74.4   118.4   137.1   313.0   404.0   462.1   501.2   542.9   590.9   676.3  1253.3 10029.4 35822.5  31326.5    31080
read      385.0   461.5    63.8   119.6   141.6   320.0   401.0   450.5   489.2   539.6   611.7   740.8  1793.6  5049.6 12886.2  76859.0    76878
read      425.1   704.4    63.8   126.9   152.6   345.6   428.4   477.0   514.5   566.0   640.8   784.2  1888.7  8915.0 31020.0  84340.5    84584
read      408.7  1082.1    68.9   112.4   130.9   294.7   363.8   414.2   454.2   499.2   551.9   640.0  3241.8 16262.6 35822.5  12522.0    12492
read      391.4   501.1    68.9   122.6   144.1   320.2   400.9   446.4   481.2   527.4   592.4   806.3  1776.8  5518.0 19258.0  57229.0    57106
read      350.8   278.3    68.9   123.5   147.0   320.0   397.2   441.7   474.7   516.3   577.1   677.0   871.8  1682.8  8428.6  96109.0    96245
read      299.6   749.6    74.4   122.2   145.6   247.1   282.6   301.8   317.7   337.1   364.5   425.1  1411.0  6780.4 36027.2   6793.5     6791
read      409.7   553.8    63.8   126.2   152.4   343.9   421.0   466.0   501.4   550.0   633.2   779.6  1981.9  6346.5 24692.4  90613.0    90728
read      431.9  1513.5    74.4   130.3   159.8   268.6   310.7   335.3   353.9   374.6   409.1   509.6  4458.0 31004.7 36970.8   5153.5     5151
read      405.9   558.7    68.9   124.5   149.0   337.3   419.1   464.2   499.4   548.1   631.6   789.3  1850.3  8846.8 26870.3  82454.5    82969
read      352.3   471.3    63.8   120.3   140.1   314.6   384.5   424.3   454.3   491.1   538.7   625.5  1011.7  5064.3 23001.0  42556.0    42635
read      359.0   353.1    68.9   123.9   148.5   322.2   398.0   440.9   474.1   518.4   583.1   690.4   926.7  3228.3 12120.4  99097.0    99337
read      367.9   329.9    63.8   126.7   151.2   331.9   412.1   457.0   490.9   534.7   599.5   712.1   945.7  3071.8 12723.7  95019.0    95192
read      366.7   420.1    63.8   120.4   142.2   325.5   403.9   449.0   481.9   522.2   579.8   683.6  1131.8  4881.2 17037.0  69109.0    69200
read      369.2   425.1    68.9   122.3   143.6   328.8   406.5   447.4   476.5   515.3   569.4   668.9  1386.2  4317.4 17422.0  49604.5    49459
read      328.2   304.4    63.8   114.2   131.9   302.9   364.6   402.8   433.9   470.5   514.2   583.6   966.9  2619.9 12988.7  28941.5    29055
read      373.7   408.4    63.8   121.3   142.7   321.2   402.1   447.2   480.4   523.1   583.5   696.6  1669.6  4355.4 13011.4  64075.0    64324
read      397.2  1431.2    80.4   132.6   158.4   255.2   293.7   317.6   336.1   359.9   396.9   491.8  4481.5 29340.4 40760.4   5694.5     5705
read      536.4   840.7    68.9   137.8   171.1   378.3   458.7   514.2   577.8   679.7   871.3  1611.7  2907.7 10817.4 31241.3  84614.0    84816
read      377.1   550.0    68.9   116.3   134.1   294.7   375.8   430.9   471.5   528.3   645.6   846.9  1550.6  5386.0 29557.7  23747.5    23714
read      511.3   806.2    68.9   129.3   157.2   357.9   445.4   505.4   562.9   656.2   869.3  1580.3  2904.6  7508.7 32027.4  73717.0    74116
read      442.8  1349.3    68.9   118.5   136.8   299.4   376.5   424.6   458.1   498.6   564.1   773.0  3727.5 22978.5 39417.4  20239.0    19948
read      392.6   623.7    68.9   121.0   140.7   320.7   398.0   446.1   484.1   531.1   590.6   733.2  1669.5  7713.2 30196.6  43984.5    44213
read      452.4   706.0    74.4   125.0   144.7   338.7   448.3   520.1   591.0   674.3   764.7   898.0  2716.2  9251.4 30187.5  19549.0    19454
read      454.4  1410.9    80.4   139.7   169.1   311.1   359.5   387.1   406.3   431.9   465.6   544.7  4527.8 29719.1 36927.8   7177.5     7190
read      406.7   712.4    63.8   122.4   142.8   320.4   399.5   447.6   485.4   532.5   593.5   766.0  2232.4  9986.8 31165.9  47551.5    47657
read      359.0   449.5    68.9   121.5   141.1   319.8   391.2   432.7   465.9   506.5   556.1   639.1  1202.3  5169.7 15221.3  44351.5    44399
read      423.2  1509.8    74.4   130.8   156.7   273.4   318.0   341.8   359.9   382.2   416.2   488.8  5580.0 29643.1 39013.0   6452.0     6481
read      441.6  1690.5    74.4   133.9   163.7   282.5   322.8   346.2   363.8   384.4   413.1   480.4  5132.1 32018.6 37883.8   5839.5     5807
read      458.8   770.8    68.9   127.7   154.2   349.2   428.7   479.1   525.5   591.6   693.3   959.3  2255.5 10748.1 31632.8  82750.0    83137
read      396.9  1113.8    74.4   117.7   137.9   293.8   354.7   391.6   421.0   455.4   497.0   565.2  3141.7 18664.8 32211.9   9722.5     9580
read      481.2   928.1    63.8   123.0   144.3   334.4   424.4   489.7   544.9   631.9   847.4  1231.7  2961.5  9015.3 32231.0  37041.5    37385
read      344.8   415.8    68.9   116.4   134.8   306.5   377.8   423.4   457.6   496.8   543.9   621.6  1174.8  3917.2 24083.9  33606.5    33706
read      361.4   358.8    68.9   120.5   139.7   320.0   394.4   440.7   475.9   519.6   572.1   660.9  1234.4  4911.2 10907.4  35220.0    35204
read      365.5   435.2    68.9   121.2   141.3   321.3   398.5   441.7   473.7   514.1   565.4   647.6  1547.7  5774.7 10641.2  50534.0    50438
read      380.8   458.5    68.9   125.3   146.7   336.7   415.0   459.4   493.1   535.2   590.5   684.5  1482.9  4878.4 15234.1  49298.5    48878
read      368.2   506.5    68.9   122.9   143.0   330.1   407.4   450.9   483.9   525.9   578.2   661.4  1147.7  6000.6 20236.2  42564.5    42682
read      356.6   642.4    74.4   117.7   135.5   303.5   376.9   423.7   457.4   494.9   538.1   617.2  1105.7  9746.2 31214.9  27173.5    27416
read      373.0   531.2    68.9   121.0   142.2   321.6   399.6   444.0   477.2   519.1   575.4   673.7  1547.3  4269.7 27944.6  64459.0    64424
read      393.3   672.2    68.9   122.5   143.9   326.0   408.5   456.5   493.0   538.2   597.5   713.6  1784.3  6683.0 30754.8  64066.0    64364
read      479.4  1632.3    74.4   133.8   159.7   272.7   312.1   334.5   351.2   374.5   411.4   592.8  5032.9 30401.7 37805.7   5464.5     5481
read      368.0   601.6    68.9   118.1   136.3   308.4   388.3   437.1   471.0   509.2   559.1   669.0  1182.6  7915.3 30018.3  26084.0    26227
read      332.3   249.2    68.9   115.7   133.5   299.8   378.3   427.0   460.6   496.8   538.4   600.1   967.3  2355.7 10030.1  26467.5    26586
read      381.6   513.8    68.9   125.7   148.2   328.4   408.0   455.7   493.1   542.0   612.1   723.6  1246.9  5319.8 15005.8  86062.0    86286
read      365.9   513.5    68.9   116.5   133.9   301.5   381.2   429.2   461.8   499.2   547.1   665.7  1909.7  6799.1 28324.7  24076.5    24452
read      361.7   550.9    68.9   118.3   136.8   315.1   394.2   442.1   475.4   511.9   553.6   619.6  1078.7  6803.2 30682.9  26750.0    26832
read      356.4   461.6    68.9   116.8   136.0   306.9   386.3   436.3   472.9   513.1   561.2   658.8  1187.1  6523.9 15084.2  29920.5    29795
read      351.7   292.9    68.9   119.9   138.8   318.5   394.8   439.7   474.2   514.8   564.9   644.0  1184.1  2965.3  6884.9  46303.5    46224
read      407.3   660.2    68.9   127.5   151.4   338.1   420.8   469.3   507.3   558.6   635.6   771.3  1707.5  7127.5 31341.1  84287.0    84587
read      357.2   352.3    68.9   120.5   141.0   320.9   400.6   445.4   479.1   520.8   573.7   656.3  1033.5  3211.7 10595.5  62912.0    63389
read      338.6   249.7    63.8   121.9   141.9   318.1   392.5   433.1   464.6   502.1   548.8   616.4   768.6  1809.9  8274.2  46889.0    46953
read      372.7   416.1    63.8   126.5   149.8   330.8   414.6   460.4   494.6   537.6   602.5   710.4   975.1  5400.0 15845.3  90576.0    90536
read      414.1   905.9    74.4   117.0   137.5   320.4   400.5   451.3   487.3   527.9   579.6   671.4  2871.4  8527.7 31912.2  12621.0    12508
read      382.3   431.2    68.9   121.3   141.0   324.1   400.4   446.6   482.7   529.3   593.4   783.2  1482.4  5005.4 12589.0  38416.0    38491
read      412.1   724.0    68.9   129.9   157.4   347.7   426.5   470.9   507.0   557.2   633.5   758.1  1187.0 12201.6 31315.1  97735.5    97806
read      403.8  1150.6    74.4   117.8   138.7   307.9   380.3   427.3   460.8   498.1   544.1   626.0  2301.0 16550.1 39166.5  11892.5    11813
read      406.5   653.5    68.9   119.1   139.0   319.3   399.9   453.9   495.9   547.1   625.9   960.4  1607.0  9359.1 30794.6  39485.5    39665
read      368.8   434.4    68.9   122.1   142.7   326.4   405.5   451.1   485.6   528.0   580.0   664.3  1339.2  4731.2 15711.9  53898.5    53571
read      353.7   285.2    68.9   119.5   139.0   318.8   400.1   446.3   480.4   522.1   573.4   655.2  1130.5  3024.2 11308.6  63358.5    63215
read      447.8   558.2    68.9   137.2   165.5   381.0   470.8   525.9   568.0   625.3   707.3   853.8  1866.9  6919.2 29501.3  78253.0    78767
read      477.2  1321.4    80.4   142.6   167.1   333.3   397.9   446.0   483.0   529.0   591.4   707.5  4425.0 28817.3 36313.2   8663.5     8615
read      387.2   403.8    68.9   125.0   145.8   334.4   419.9   467.4   503.7   548.9   613.7   722.8  1627.4  6603.9  9867.6  67686.5    67903
read      453.3  1134.4    74.4   123.5   143.2   327.8   416.9   471.7   522.3   588.9   673.5   784.8  2742.3 14718.9 37520.1  16481.0    16398
read      381.6   595.4    68.9   121.0   141.4   317.7   399.3   444.9   478.7   521.8   579.2   690.9  1725.2  6549.4 30289.0  53195.0    53434
read      361.3   589.7    68.9   117.5   136.3   309.9   382.2   427.7   463.1   505.3   554.1   633.3  1390.3 10227.2 30692.4  38017.0    38068
read      407.3  1075.9    74.4   131.4   153.4   310.6   364.7   399.0   426.7   460.6   504.1   580.9  2765.2 14691.2 32156.0   9170.0     9130
read      454.0   663.6    68.9   127.6   152.0   346.1   436.1   490.6   533.4   592.9   696.6  1143.3  2352.7  6870.4 31052.4  69145.0    69227
read      357.4   414.9    68.9   121.6   141.0   322.9   395.1   436.1   469.5   510.5   562.1   638.0  1113.9  3758.4 17358.4  37459.5    37496
read      400.4   578.7    68.9   123.2   147.0   329.8   413.2   464.0   503.3   554.4   630.1   767.7  1861.6  5420.8 29665.9  84026.5    83925
read      352.0   260.9    68.9   121.6   142.4   321.9   399.9   443.6   475.4   514.3   564.9   639.2   973.5  2884.8  8109.8  51216.5    51037
read      360.0   542.0    74.4   119.4   137.9   313.6   388.7   435.9   471.9   513.5   562.6   644.3  1184.3  6609.2 30925.1  33275.5    33690
read      365.7   352.1    68.9   122.2   142.9   322.8   401.0   444.0   476.4   517.6   572.0   663.8  1484.5  3916.4 10144.2  51432.0    51474
read      395.0   510.4    68.9   122.9   145.1   335.1   416.5   464.1   500.4   547.2   620.2   746.3  1675.2  7151.3 15162.8  74188.5    73708
read      445.5   548.2    68.9   139.7   174.9   385.2   462.8   505.2   543.0   602.3   699.7   871.3  1701.9  6348.1 30157.9  98486.0    98618
read      413.1   785.7    68.9   123.9   148.3   333.1   410.2   454.7   488.9   535.1   608.9   733.5  1907.9  9850.3 31576.7  82028.5    81977
read      368.0   383.7    68.9   123.7   147.0   324.7   404.4   449.4   482.4   526.7   590.8   708.3  1006.8  4906.0 12694.0  91956.5    91567
read      359.6   378.1    68.9   122.6   143.0   325.7   404.5   446.2   476.3   513.4   563.8   649.7  1175.3  2754.2 13287.8  48200.0    48236
read      382.4   569.1    68.9   124.8   148.9   331.8   408.3   452.3   485.4   529.2   594.1   706.4   992.8  8614.3 28218.6  91757.0    91726
read      367.8   365.7    68.9   122.6   143.3   328.2   406.1   448.7   480.2   519.1   571.1   667.3  1470.7  3332.5  9328.8  52253.5    52458
read      360.1   374.9    68.9   119.5   140.5   316.8   395.9   439.0   470.4   509.6   567.8   664.2  1305.8  4334.1 10502.3  70440.5    70467
read      379.7   492.1    68.9   121.3   143.5   323.3   402.6   446.9   479.9   521.0   582.3   692.5  1702.1  5851.4 14453.5  70960.0    71151
read      378.6   605.4    68.9   121.5   142.6   321.6   402.0   447.2   479.8   521.1   577.7   666.1  1519.8  7657.6 30968.5  64889.5    65016
read      355.1   262.5    68.9   120.4   139.7   322.1   400.6   446.8   482.4   525.0   576.8   655.3  1160.3  2863.6  7895.0  42024.5    42057
read      411.5   702.6    68.9   126.1   150.0   344.6   426.5   472.9   509.8   559.7   630.7   745.2  1418.3  8446.6 31514.9  78988.0    78821
read      372.4   357.2    68.9   124.4   145.0   331.0   413.9   460.8   496.0   538.8   594.5   687.6  1369.7  3864.9  9213.4  60935.5    60720
read      348.0   256.3    68.9   119.6   138.7   320.1   394.1   436.5   469.5   509.6   559.1   635.5  1100.9  2366.5  6634.4  39972.0    39911
read      457.8  1435.4    74.4   123.6   145.3   319.9   386.0   429.4   461.7   501.2   553.0   647.6  4080.2 28958.6 40315.9  10796.0    10628
read      453.5   566.4    68.9   128.8   154.2   358.6   445.1   496.7   540.8   602.6   705.3  1011.0  2368.7  6767.1 20978.5  73528.0    73736
read      402.7  1093.1    80.4   128.9   154.0   291.3   340.9   371.0   393.4   421.7   461.4   539.5  3403.0 17707.5 32127.9   7403.5     7334
read      498.5   853.5    68.9   139.9   176.2   397.4   470.7   517.6   565.8   644.1   771.9   954.4  2121.2 12197.0 31673.8  91476.5    91868
read      397.2   585.0    68.9   122.5   145.7   329.5   411.7   462.1   500.0   547.4   617.7   737.5  1701.0  6772.9 30869.1  76526.0    76670
read      372.0   781.7    68.9   120.0   138.6   296.0   353.9   391.9   423.7   462.7   507.5   582.3  2178.2  7854.9 31635.1  10536.0    10405
read      387.3   784.8    68.9   117.5   135.8   304.6   376.0   426.5   463.5   506.6   574.9   808.6  1586.2 13318.1 35846.9  26023.0    26019
read      360.5   456.5    63.8   121.5   142.2   318.0   395.4   437.0   468.5   507.2   560.3   654.0  1391.9  2963.3 24800.8  55323.0    55530
read      350.5   651.0    74.4   116.3   134.9   305.9   370.1   410.1   442.9   479.7   525.9   601.5  1000.7 11662.7 33419.6  29676.5    29615
read      380.9   504.1    68.9   122.8   144.7   326.7   410.1   456.3   490.2   532.0   589.2   685.9  1467.1  4499.6 17485.4  65974.0    66057
read      366.3   353.3    68.9   122.5   143.3   324.7   405.2   448.2   480.5   521.4   575.4   667.5  1434.2  3324.6 12912.0  55141.0    55281
read      456.9  1054.9    68.9   119.2   138.7   311.0   414.3   480.9   542.5   647.6   753.1   882.1  3160.9  9441.2 38401.2  21170.0    21177
read      383.4   455.8    68.9   124.4   148.2   331.2   410.0   457.1   494.6   543.0   614.9   731.6  1300.4  5494.9 15895.2  88111.5    88239
read      341.6   246.4    63.8   119.8   140.5   314.1   391.9   435.6   468.0   507.6   559.1   635.8   828.1  2656.5  9102.7  70558.0    70227
read      362.2   563.6    63.8   119.1   137.9   305.8   380.3   427.8   461.9   501.2   549.5   667.6  1260.9  6649.8 29722.6  23518.0    23421
read      383.8   510.1    63.8   125.2   151.3   332.7   411.2   455.0   489.9   537.2   606.3   731.0  1039.9  6454.8 17492.4  96830.5    97104
read      384.3  1176.9    74.4   135.0   161.7   279.6   318.3   342.8   361.6   383.9   415.9   487.7  2852.3 12699.2 39717.0   6198.5     6235
read      377.8   492.7    68.9   121.4   143.3   331.1   414.8   459.7   494.2   536.6   593.7   690.4  1425.6  4197.0 20294.4  57652.5    58045
read      386.9   597.3    68.9   119.1   138.3   308.2   393.6   444.6   480.8   525.2   593.4   813.0  1799.0  5757.8 30713.6  23788.5    23729
read      336.2   235.7    68.9   117.0   135.6   309.7   380.2   423.1   456.9   496.8   544.0   614.0   978.3  2471.2  7808.0  40985.0    40897
read      373.3   544.7    68.9   122.8   143.7   327.6   409.6   454.7   487.9   528.4   581.2   668.2  1260.5  4696.8 28635.6  53264.0    53312
read      399.5   643.9    68.9   126.2   150.1   334.0   413.1   461.1   499.8   549.0   623.4   739.1  1518.9  8357.1 31868.7  86802.5    87262
read      427.3   464.7    68.9   130.0   156.5   360.3   445.4   495.1   535.2   590.6   677.1   834.0  1880.1  5379.5 10049.4  81700.5    81836
read      407.8   581.2    63.8   129.2   155.7   346.6   424.2   469.1   506.2   556.4   631.7   750.1  1262.2  7088.2 16224.6  92650.0    92274
read      371.1   468.1    68.9   122.8   143.2   329.3   407.8   451.4   484.4   525.1   579.2   668.6  1398.0  5579.3 16180.3  47238.5    47252
read      378.6   499.0    68.9   122.4   144.3   326.7   406.2   454.3   490.2   536.5   605.6   727.9  1597.9  3396.5 29990.6  75558.0    75747
read      413.9   699.9    63.8   127.8   153.4   349.5   432.6   479.0   514.3   562.5   637.8   770.6  1561.5  8891.8 31521.7  80772.5    80994
read      396.6   689.8    63.8   127.9   155.1   339.4   415.2   457.4   491.2   538.3   612.3   731.8   996.9 11482.1 31991.4  98269.5    98224
read      377.4  1200.6    74.4   118.9   142.1   276.0   324.2   353.3   374.5   402.4   440.2   503.5  2636.5 28467.6 37211.4   7738.5     7737
read      405.2   745.1    68.9   120.4   140.1   320.7   394.1   440.0   475.5   523.1   590.6   834.0  1947.7  8036.1 31698.4  37563.5    37514
read      414.4  1247.8    74.4   121.7   142.6   304.3   364.5   406.4   441.9   482.2   536.8   634.1  2719.0 30612.8 37391.8  10657.0    10640
read      413.3   468.5    68.9   128.6   154.6   346.6   428.1   478.0   520.2   578.6   663.3   823.6  1785.3  4673.3 15861.6  90086.0    90490
read      343.4   249.3    63.8   120.7   143.2   312.7   388.7   433.7   468.5   512.3   572.2   660.0   859.5  2320.7  8476.6  92409.0    92514
read      353.5   290.1    68.9   123.3   146.3   321.6   398.9   443.6   477.9   522.5   584.9   682.1   881.8  2393.8 10732.3  89549.5    89245
read      346.2   222.2    68.9   120.4   141.1   318.7   397.2   442.4   476.3   519.3   576.5   661.4   871.4  2142.3  7636.1  73377.5    73823
read      350.2   298.3    68.9   121.4   141.0   319.2   393.4   433.9   465.3   503.7   553.4   637.6  1146.5  3553.0 12233.7  46388.5    46565
read      366.2   507.8    68.9   112.5   131.0   295.0   371.4   425.2   470.6   534.6   650.2   803.0  1224.3  5642.5 30701.9  21346.0    21419
read      385.0   541.9    68.9   122.0   143.8   331.2   415.1   461.5   495.3   536.4   598.0   714.9  1494.2  4035.1 17424.2  67011.5    66915
read      346.1   347.7    68.9   117.5   136.3   318.4   384.2   423.6   454.2   492.3   541.7   627.7  1037.1  3137.8  9967.6  31879.0    31667
read      396.2   608.8    68.9   122.3   145.3   337.4   419.6   465.8   500.2   543.1   609.1   726.9  1483.0  6796.0 31065.5  72247.0    72255
read      410.8   566.2    68.9   131.4   159.3   352.3   428.7   471.5   507.9   560.4   644.3   787.6  1433.1  6308.5 24899.8  99610.0    99535
read      404.6  1174.5    63.8   113.1   133.8   284.8   338.9   374.4   405.5   437.5   483.6   567.8  3468.8 16074.2 37070.4   9244.0     9226
read      418.6   477.3    68.9   124.9   148.3   332.5   419.4   468.1   506.5   559.3   648.0   978.7  2187.9  4203.2 11532.3  67409.0    67844
read      367.8   383.2    68.9   120.5   142.8   321.3   400.7   445.7   479.0   521.6   580.6   686.1  1282.2  4074.4 15462.5  71755.5    71413
read      408.2   769.1    68.9   127.8   155.0   336.7   410.8   455.0   489.8   537.5   608.7   732.8  1371.6 12039.4 31678.0  97421.0    97328
read      382.4   565.3    68.9   122.6   143.8   329.7   409.3   451.8   483.4   523.5   580.4   681.4  1507.8  6233.8 30654.8  55437.5    55113
read      364.6   330.1    68.9   121.4   142.0   321.5   398.9   441.4   471.2   509.9   562.5   656.0  1587.3  3369.4  8105.1  53958.0    53743
read      413.6  1001.8    68.9   111.6   129.6   307.5   397.5   466.1   517.1   579.0   652.1   745.4  2147.3 11275.2 37882.0  15386.0    15253
read      394.6   507.0    68.9   126.4   151.5   337.8   415.6   462.4   499.5   548.5   625.6   751.3  1655.7  8161.6 12652.0  90515.0    90605
read      323.5   320.9    68.9   112.6   130.1   293.2   352.4   391.1   421.4   457.1   500.0   571.8  1012.5  3379.9  9372.6  25859.5    25767
read      392.6   470.6    68.9   128.6   154.7   343.8   422.9   467.7   503.8   549.1   620.6   740.4  1091.2  6215.3 15456.4  93505.0    93458
read      409.9   507.9    68.9   131.1   158.1   350.1   430.7   480.0   518.9   572.0   650.8   789.7  1654.6  5782.2 15031.2  94547.0    95080
read      398.3   476.7    68.9   128.6   154.7   346.0   427.2   475.5   514.2   564.3   633.8   746.5  1268.0  5163.2 22263.2  88918.0    88399
read      409.1   651.0    63.8   129.3   156.5   342.3   420.0   467.4   507.0   559.4   636.7   763.8  1570.2  7715.5 31045.5  95689.0    95681
read      335.9   293.9    68.9   119.2   137.3   305.2   377.1   422.4   455.7   492.4   535.6   598.2   879.3  3803.7 10031.7  33109.5    33003
read      357.0   298.6    63.8   125.8   150.1   321.2   397.8   443.5   478.7   524.8   585.2   681.7   922.3  2928.0  8822.4  98629.5    98809
read      374.4   362.5    68.9   123.6   145.1   327.6   410.4   458.1   493.7   536.6   592.2   684.4  1439.7  4792.2  8792.7  64948.5    64610
read      377.3   624.8    68.9   120.3   140.8   321.3   399.5   443.5   476.2   519.2   572.1   661.4  1480.4  8269.2 30016.6  51103.0    51183
read      443.6   782.1    68.9   119.9   140.3   327.9   440.5   518.8   583.0   661.0   745.4   870.8  2891.0  8840.4 31467.0  20359.0    20194
read      399.4  1031.0    74.4   134.3   158.7   295.4   341.8   369.7   392.4   422.0   462.3   543.2  2941.0  8020.3 37084.6   7576.5     7602
read      373.9   771.4    68.9   117.7   137.6   310.9   382.1   424.2   457.2   497.9   546.9   622.8  1435.4 10207.0 32474.2  46454.0    46677
read      395.2  1391.1    80.4   140.2   164.6   279.3   316.9   338.0   353.7   372.9   401.0   464.1  3061.0 29655.0 36903.0   5515.5     5577
read      389.8   686.9    68.9   120.8   139.7   308.4   406.5   461.0   500.4   553.1   665.1   824.9  1177.1 10759.6 31276.7  22589.0    23035
read      347.9   374.7    68.9   118.0   138.1   307.1   381.7   425.7   457.9   497.4   546.5   629.4  1349.4  3420.2 12431.6  57777.5    57516
read      369.3   428.8    68.9   121.4   142.5   319.4   399.5   446.6   482.1   525.2   580.8   676.5  1503.2  4336.4 16059.9  62617.0    62851
read      364.9   465.1    68.9   119.6   138.8   320.0   398.1   445.3   482.2   525.6   578.3   667.1  1392.0  4202.2 20709.6  38696.0    38431
read      346.7   405.5    68.9   117.2   135.2   300.4   383.7   432.8   465.2   498.9   539.0   602.3  1128.3  5711.6 18848.7  25917.0    25729
read      437.6   832.6    68.9   121.0   141.2   330.5   432.2   497.4   555.4   631.1   713.0   831.6  2570.8 12833.2 30278.9  19320.0    19443
read      488.0  1175.0    68.9   120.5   142.0   333.3   437.6   508.2   573.9   647.4   731.1   863.6  4539.6 12133.5 36721.5  19453.0    19461
read      337.1   491.5    68.9   115.4   133.1   303.2   371.9   414.3   448.1   489.0   537.4   602.0   879.5  4227.3 26806.3  42609.5    42341
read      424.0  1486.6    86.8   144.7   173.4   291.3   331.2   352.9   369.7   392.3   424.8   501.2  4620.7 31446.6 42368.6   5736.5     5691
read      405.8   746.7    68.9   119.6   139.1   319.3   396.7   449.4   490.5   539.5   602.5   835.2  1821.9  7504.0 31723.4  39904.5    40223
read      375.8   907.1    74.4   118.7   137.2   310.2   387.9   438.6   473.8   511.3   554.5   625.7  1201.5 17689.2 44086.0  30248.5    29941
read      332.6   296.3    68.9   115.2   132.8   301.9   371.9   416.9   453.5   496.0   544.5   612.1  1045.5  2527.3  9942.0  41142.0    41162
read      340.8   353.5    68.9   116.9   134.7   302.9   374.9   420.8   457.2   499.6   548.5   621.2  1158.4  2976.3 12268.7  43820.5    43863
read      416.0   758.6    74.4   124.3   143.9   326.4   430.1   492.5   541.1   612.8   705.9   824.0  1426.9  7686.2 36493.8  20266.0    20318
read      489.0   809.6    68.9   142.3   173.8   381.3   460.2   512.4   563.7   641.1   756.9   968.7  2373.1 10197.6 31435.8  93583.0    93421
read      364.1   553.2    68.9   119.2   137.8   317.8   393.3   438.4   473.2   515.1   569.1   651.2  1346.7  6431.3 29097.3  48687.0    48578
read      350.9   398.0    68.9   118.8   137.2   311.6   387.0   435.2   471.1   513.6   562.6   635.7  1197.8  3959.2 14814.2  40618.0    40595
read      476.6  1345.4    74.4   121.7   141.4   333.4   432.6   491.9   539.9   601.5   677.7   787.7  2837.0 21523.8 39340.5  17686.5    17677
read      419.9   561.0    68.9   128.2   150.3   333.5   414.7   466.1   508.6   567.6   646.3   832.1  2138.2  5832.2 27938.7  79023.5    78948
read      432.1  1159.1    74.4   132.8   155.5   319.5   378.5   414.6   442.2   473.5   512.5   584.1  3503.7 11792.2 36608.6   9724.5     9703
read      485.6  1573.2    80.4   132.3   153.6   323.9   392.2   434.4   462.0   493.7   534.9   613.8  4989.0 35241.8 45487.1   9753.0     9686
read      446.2  1310.4    74.4   135.5   160.0   306.9   358.6   387.4   408.0   434.7   470.5   544.9  4255.1 29838.4 36803.5   8062.0     7968
read      438.1   921.0    74.4   124.4   143.7   336.2   429.5   490.7   540.9   594.0   661.5   762.7  2831.5  7076.8 35737.9  15646.0    15830
read      503.4  1773.7    74.4   134.6   158.6   308.6   361.3   392.5   415.8   443.6   478.7   559.5  5625.7 31464.5 35615.8   8257.5     8192
read      431.1   607.6    68.9   125.7   147.7   325.0   407.7   463.0   508.5   568.7   654.4  1074.5  2157.9  8346.3 26287.9  78864.5    79410
read      379.8   602.3    68.9   122.2   142.0   317.1   396.5   444.0   481.5   528.4   589.4   696.5  1679.8  5241.3 29990.4  76675.5    76582
read      386.2   548.7    68.9   123.5   143.1   329.4   411.7   461.1   497.7   541.0   593.8   684.5  1617.9  5702.7 20317.0  54710.0    54634
read      383.8   581.7    68.9   122.4   142.1   312.1   394.0   443.5   481.0   527.4   589.3   715.7  1922.1  4852.9 28824.2  72359.5    72177
read      433.4  1084.3    74.4   127.6   147.0   322.1   399.3   448.8   490.9   545.7   624.1   736.5  2604.3 13537.9 36869.9  15178.5    15101
read      411.0  1054.4    74.4   139.3   163.7   308.9   359.7   389.4   411.7   437.7   474.0   549.9  3205.6  9167.9 32085.5   8194.5     8167
read      436.3   811.4    68.9   126.5   146.4   332.6   417.8   473.1   518.1   569.6   649.3   964.3  2332.0 10868.5 36034.2  43997.5    44130
read      360.9   519.5    63.8   124.2   142.9   319.5   394.6   438.3   471.7   513.4   565.3   642.9  1144.9  3907.9 19668.7  53171.5    53047
read      374.0   373.1    63.8   132.0   154.9   328.7   407.8   456.3   494.9   543.1   608.5   715.4  1000.4  4943.0 12275.4  96773.5    97171
read      336.6   210.4    68.9   124.3   143.8   307.7   384.2   429.5   463.9   506.1   561.8   642.8   823.7  1838.1  6825.4  81476.5    81360
read      346.3   206.5    68.9   126.1   145.6   318.1   397.5   444.8   480.8   526.0   582.7   667.5   854.2  1326.8  5928.4  77441.0    77277
read      335.2   268.3    68.9   118.9   137.0   306.5   379.1   425.9   462.0   502.0   547.9   610.3   834.2  2823.2 10344.6  38324.5    38294
read      497.9  1662.7    74.4   133.0   154.4   324.2   391.6   433.8   467.3   504.6   549.5   630.3  5118.5 30668.4 52625.4  11318.0    11165
read      403.6   635.1    68.9   125.9   146.6   322.0   406.4   458.3   497.1   546.2   616.0   748.3  2063.5  7019.7 30878.4  74156.5    74155
read      413.9   938.2    74.4   127.5   147.0   317.2   385.5   430.6   466.7   506.5   553.9   639.8  2957.9 10778.3 31930.0  12399.0    12255
read      394.5   873.6    68.9   121.0   140.1   318.5   398.8   447.0   484.2   529.0   586.3   706.5  1558.7 10934.3 37329.6  52270.5    52404
read      434.1   904.5    74.4   122.4   142.8   333.2   429.2   488.7   537.7   598.0   673.5   780.0  2157.3  9047.4 36239.6  17075.5    17057
read      516.1  1925.1    86.8   144.8   171.9   296.2   337.8   361.9   380.2   402.8   437.3   534.8  5830.5 31874.9 37513.2   6021.5     6005
read      443.1   830.2    68.9   131.6   155.6   340.1   419.8   471.3   515.8   573.4   653.2   816.1  2132.6 10930.9 32098.2  85335.0    85707
read      353.9   400.4    63.8   121.8   141.1   309.6   388.6   435.1   470.1   514.1   572.3   660.9   977.5  4736.9 16869.9  80110.0    79742
read      341.1   260.0    68.9   119.1   137.6   308.3   385.7   428.9   462.0   501.3   548.0   620.3  1141.1  2920.1  5036.6  58651.5    58322
read      341.1   429.8    68.9   116.9   134.7   298.7   381.6   430.7   463.9   499.6   539.8   601.7  1034.6  4667.8 13813.6  26311.5    26212
read      379.5   513.1    68.9   122.3   142.8   320.3   401.8   450.7   487.9   533.0   591.0   696.4  1626.0  6238.6 28922.8  69395.0    69487
read      331.8   470.1    68.9   113.7   131.0   288.7   366.9   415.3   448.9   483.7   524.2   582.3  1003.6  6528.0 30492.0  29524.0    29507
read      352.3   405.1    63.8   119.1   138.2   309.6   383.6   427.3   460.7   502.1   552.9   630.5  1388.8  4907.6  9288.9  51455.0    51412
read      364.5   305.8    68.9   122.4   143.0   322.0   402.8   451.9   488.7   532.6   588.0   680.6  1404.5  3425.3  8471.1  67352.0    67374
read      365.3   464.6    68.9   119.5   139.3   316.9   395.3   439.4   472.2   515.6   568.8   659.3  1413.0  4928.7 17044.9  55120.5    55125
read      343.6   294.9    63.8   121.0   141.2   313.0   388.4   428.9   458.7   495.0   541.0   612.3   918.8  4290.7  6806.8  53249.0    53048
read      404.5   884.6    68.9   118.0   137.2   311.9   386.2   439.5   478.3   521.3   571.1   650.4  2856.5  8091.3 37269.6  12372.5    12192
read      363.5   530.1    68.9   119.0   137.6   314.1   383.4   425.9   459.2   500.8   557.4   673.4  1252.3  6470.4 30750.6  35767.0    36138
read      361.9   406.5    68.9   121.9   143.1   315.5   392.1   435.1   466.8   506.2   558.8   647.3  1395.3  4308.4 11007.2  60872.5    60799
read      346.2   466.5    68.9   117.5   135.2   309.8   376.5   417.2   448.5   485.9   533.4   609.6  1067.4  7632.7 15493.9  36441.0    36368
read      340.6   297.2    68.9   118.9   137.3   311.1   379.2   420.3   452.1   489.6   537.6   623.3  1070.1  3690.9  8047.1  39925.0    39729
read      390.7   445.4    68.9   123.6   148.6   329.8   405.3   452.5   489.8   540.7   618.3   751.1  1714.1  5430.1 11062.4  95659.5    95693
read      344.0   343.2    68.9   117.9   137.0   314.0   381.1   421.6   451.8   487.9   536.3   619.5  1100.6  4098.1  9598.9  40837.5    40999
read      349.4   342.1    68.9   121.2   141.9   308.6   388.1   431.8   463.0   500.7   549.6   633.4  1250.5  3020.2 10143.4  65049.0    65037
read      383.6   904.2    68.9   115.9   135.3   298.7   363.2   409.1   448.3   493.8   545.5   623.5  1791.2  8674.4 32067.1  12589.0    12633
read      401.3   585.5    68.9   123.5   143.8   329.1   408.2   455.1   492.2   538.0   595.6   733.1  1939.5  7376.3 29412.2  49726.0    50117
read      365.1   457.1    68.9   121.7   141.5   318.6   398.6   445.4   480.0   523.2   578.6   671.3  1457.7  3219.6 12897.2  62814.5    62765
read      381.3   705.3    74.4   128.8   149.3   320.1   387.2   431.7   464.1   501.2   547.0   620.3  1686.9  6804.2 31637.8  12359.0    12379
read      365.6   509.9    68.9   119.1   137.7   314.4   387.9   432.3   467.0   508.2   561.4   643.9  1557.0  7093.6 24124.7  49429.0    49369
read      354.5   424.6    68.9   117.8   136.5   313.6   387.7   434.2   470.9   512.0   560.7   634.5  1129.2  7152.0 11432.1  38924.0    39111
read      338.4   321.7    63.8   119.0   137.5   305.5   378.7   420.5   453.1   493.7   544.2   618.9  1033.0  2987.0 11217.7  52554.0    52692
read      378.1   634.1    68.9   119.1   137.9   306.3   389.7   440.7   476.2   515.5   570.8   738.4  1639.6  6447.0 31473.1  24633.0    24539
read      361.4   372.0    68.9   122.2   143.0   322.8   403.1   449.1   483.1   524.5   578.2   664.0  1343.8  2729.7 10930.8  61736.5    61591
read      352.8   483.9    63.8   119.3   138.6   314.8   388.8   432.1   465.6   506.2   555.8   631.3   980.1  4392.8 16243.8  47521.0    47864
read      408.6   900.7    68.9   117.1   137.5   315.8   401.7   460.8   506.5   563.3   632.2   733.4  1668.3  7704.8 42093.3  16441.0    16479
read      431.0   848.4    68.9   119.7   142.5   320.7   398.8   447.7   486.9   539.5   622.4   880.9  2457.2 12398.0 31807.8  74736.5    75268
read      385.9  1185.1    68.9   113.6   135.0   273.8   324.4   357.5   381.1   411.6   457.6   535.5  3592.0 23639.8 32226.5   8650.5     8714
read      412.1  1103.2    68.9   109.7   127.5   300.6   380.3   437.2   475.5   517.6   567.3   647.2  2531.1 16886.0 33050.2  12978.5    13002
read      429.9   772.3    68.9   121.8   145.9   330.4   413.7   462.8   501.8   554.8   639.4   829.1  2536.1 10348.1 31644.3  77001.5    77147
read      342.9   540.0    68.9   114.6   132.6   304.4   369.1   406.4   435.3   470.9   518.9   600.8  1183.6  5479.3 30658.6  43719.5    43518
read      325.1   228.0    63.8   114.2   132.0   297.9   358.9   398.0   429.7   466.1   509.4   582.9  1049.0  2782.1  6857.7  27328.5    27206
read      364.9   399.5    68.9   121.7   143.0   323.3   401.3   445.6   477.9   517.2   573.2   671.8  1346.2  3677.0 11032.4  55497.5    55859
read      350.9   555.3    68.9   117.0   134.9   309.0   377.0   416.5   447.1   484.3   533.9   620.9  1206.6  6838.8 28264.6  37442.5    37448
read      370.3   558.9    68.9   121.6   142.2   322.4   395.4   434.4   465.7   503.3   551.5   643.1  1460.8  6803.9 28618.4  45063.5    45026
read      396.5   639.1    63.8   124.2   150.4   338.1   415.0   458.1   493.2   541.4   619.3   766.4  1374.8  5882.8 30682.1  99700.5    99974
read      363.7   482.3    63.8   118.7   139.8   312.4   391.4   434.7   465.4   503.9   558.4   656.7  1531.3  5460.2 27893.8  64850.5    64632
read      353.0   429.6    68.9   118.5   138.7   313.3   386.4   426.2   455.8   491.9   539.4   628.1  1331.2  3848.4 21411.5  48830.5    49061
read      404.9   707.5    63.8   123.4   147.0   335.0   416.4   461.6   495.9   541.7   615.2   752.6  1701.3  8943.4 31301.6  80600.0    80418
read      400.7   953.0    68.9   111.6   129.5   293.8   369.5   423.6   469.7   535.5   621.8   733.9  2072.7  8693.2 36405.6  16341.5    16471
read      330.5   336.0    68.9   113.0   130.7   298.8   363.0   403.3   435.2   474.1   521.0   590.1  1004.1  5261.3 11710.3  35616.0    35694
read      436.8   988.1    74.4   127.0   147.7   334.0   417.8   473.0   512.8   557.2   612.8   696.8  2715.5  9468.9 32170.3  13815.5    13935
read      415.4   450.4    68.9   127.4   151.2   339.2   426.7   480.2   523.5   580.6   666.7   861.2  1980.3  4404.5 11987.5  79703.5    79838
read      367.6   306.2    68.9   123.0   143.2   328.4   404.5   450.8   486.6   529.6   583.1   676.0  1457.3  3294.3  7316.7  48933.5    48842
read      412.6   766.8    74.4   122.4   142.1   324.0   414.2   466.2   507.3   565.4   648.4   771.4  2167.4  7853.6 30381.3  17789.5    17708
read      372.4   681.9    68.9   115.6   134.0   299.6   379.9   431.8   469.3   511.1   562.7   677.1  1550.1  7101.7 31207.8  31392.0    31401
read      355.5   325.4    68.9   119.9   139.7   310.1   388.9   433.8   468.2   509.8   563.4   654.8  1499.7  3466.7  9907.9  61816.0    62091
read      397.3   446.9    68.9   127.5   151.5   338.5   421.1   471.3   510.4   562.5   636.4   761.4  1581.1  5630.4 19784.2  87030.5    87121
read      393.5   453.3    68.9   124.8   148.1   333.6   417.0   467.3   507.7   560.3   633.4   767.9  1644.0  4483.3 24505.3  82170.0    81929
read      351.4   456.6    68.9   118.9   137.5   310.1   383.0   428.9   463.2   503.3   550.1   621.7  1112.3  5817.6 25040.4  42035.0    42013
read      396.9   410.9    68.9   124.8   149.7   327.5   405.3   454.0   492.6   545.7   625.6   784.1  1856.7  4394.4  9050.5  90750.0    90709
read      365.2   350.5    68.9   121.7   143.3   316.5   396.1   439.5   471.0   511.4   569.6   680.7  1581.8  3754.0  8759.1  67415.0    67578
read      357.4   382.2    68.9   120.4   141.0   314.1   391.0   432.8   464.3   502.7   552.9   641.3  1426.2  3849.3 11352.7  58422.5    58116
read      389.6   511.5    68.9   124.5   146.7   330.7   414.7   461.4   496.2   539.9   604.4   725.0  1593.2  6269.1 20625.4  69209.5    68886
read      419.6   638.5    68.9   131.6   159.4   351.9   430.6   477.1   513.8   566.1   645.5   797.0  1679.6  8695.2 31364.3  93517.5    93119
read      415.1   565.6    68.9   128.7   155.0   344.0   422.7   467.4   503.0   553.7   636.2   790.1  2198.9  6444.1 27468.5  95032.5    95079
read      384.3   425.9    63.8   123.9   146.1   329.5   409.4   457.3   494.5   541.7   612.4   741.2  1616.3  3884.2 12857.4  77442.5    77456
read      459.9  1171.9    68.9   113.3   132.1   309.2   402.8   473.7   529.4   591.3   661.5   772.4  4208.4 11402.8 39051.4  15814.0    15723
read      310.6   534.3    68.9   115.7   133.5   269.1   313.8   340.0   360.4   385.8   426.4   499.9  1200.2  7075.1 29019.1   9913.0     9867
read      266.0   288.8    74.4   123.1   141.4   254.9   287.6   304.4   316.2   331.5   351.5   391.6   556.8  4175.8 10156.4   8180.0     8176
read      343.3   246.1    63.8   122.0   144.7   315.0   393.1   436.0   467.3   507.4   569.3   670.6   861.0  1174.4 12088.4  89595.0    89745
read      274.7   293.5    74.4   116.3   133.6   266.4   305.9   326.9   342.0   360.9   385.2   425.9   533.8  2601.4 18629.1  11239.5    11058
read      337.3   220.4    63.8   120.1   141.1   310.9   386.6   430.5   463.4   503.3   559.1   651.8   833.2  1113.5  7859.2  81250.5    81413
read      291.8   180.7    68.9   115.2   132.4   277.3   330.9   365.3   392.6   426.1   462.6   511.0   630.0  1520.8  4287.9  21718.0    21659
read      307.7   203.3    68.9   117.7   135.5   292.6   348.2   384.7   413.9   448.4   489.2   546.7   692.4  1517.3  9729.7  27225.0    27181
read      293.5   235.9    68.9   116.8   134.6   278.0   335.1   367.7   392.4   420.6   453.8   499.9   600.6  1752.2 12445.7  17457.0    17420
read      307.8   204.4    68.9   117.1   135.3   288.7   353.0   392.7   421.9   453.5   489.9   540.8   651.5  1839.0  7646.7  23168.0    23028
read      318.2   217.1    68.9   119.5   137.4   298.7   362.3   403.0   436.0   473.3   517.3   582.0   739.4  1504.6  8631.6  33655.5    33694
read      323.2   226.3    68.9   120.3   138.4   303.4   369.5   410.8   442.5   480.1   526.5   592.0   750.3  1289.7  7754.5  32759.0    32735
read      329.8   181.9    68.9   124.1   144.6   312.1   384.6   424.1   453.8   489.3   533.8   597.1   760.6  1031.6  5643.5  57649.5    57645
read      322.6   211.2    59.1   122.0   141.2   306.4   372.5   410.8   439.9   474.9   518.7   583.6   737.6  1020.8  8561.4  45273.0    45216
read      341.8   228.9    63.8   125.6   146.8   320.5   395.9   437.2   468.6   506.1   552.6   622.4   788.4  1743.6  8706.6  57572.0    57659
read      341.3   195.8    63.8   122.5   145.2   315.3   389.5   433.1   466.6   509.6   571.0   663.2   838.6  1158.2  7190.1  85503.0    85443
read      298.6   285.4    68.9   124.6   142.8   285.9   338.1   366.5   386.7   408.7   434.5   474.4   577.0  4195.5 12363.6  14429.5    14390
read      320.7   235.1    68.9   119.8   137.6   300.0   366.0   407.1   438.6   475.9   519.3   581.3   728.3  1575.3  7962.0  31469.0    31520
read      329.3   185.1    63.8   119.6   140.3   309.8   385.1   428.2   460.1   498.0   544.1   608.8   747.9  1008.0  5768.7  67060.0    67089
read      308.1   214.9    68.9   125.2   144.4   299.0   360.3   391.8   413.1   436.2   464.8   506.1   600.0  1596.9  8059.8  16581.5    16537
read      322.2   243.3    68.9   123.2   142.8   303.4   375.3   415.8   441.2   468.4   500.0   545.0   650.9  2638.6  9794.8  19048.5    18930
read      324.3   217.4    68.9   119.4   138.7   305.1   374.4   415.9   446.7   484.0   528.3   587.2   723.6  1296.6  8492.4  46862.5    46784
read      340.0   220.2    63.8   122.9   144.8   311.2   387.1   432.3   467.4   510.8   570.4   657.5   831.9  1243.0  8626.2  92520.0    93102
read      340.6   236.5    63.8   121.7   143.1   311.7   386.7   431.6   466.0   509.1   568.3   656.2   837.9  1381.3  9612.0  89861.5    89799
read      343.2   220.6    63.8   118.9   139.6   319.1   398.3   443.4   474.8   513.6   565.1   649.1   851.9  1315.3  6842.4  66311.5    66551
read      345.5   227.6    63.8   122.7   145.6   318.9   393.4   436.0   467.8   509.0   570.8   674.5   860.9  1146.7  9764.9  92853.5    93104
read      321.2   191.8    68.9   118.6   137.9   305.1   370.4   408.9   438.0   472.8   515.6   584.2   756.2  1010.0  7724.2  43764.5    43768
read      339.0   191.0    68.9   121.3   142.6   321.5   395.1   436.8   465.9   499.8   544.0   617.1   802.2  1080.4  6258.3  54237.0    54006
read      340.0   227.6    63.8   120.2   141.5   315.0   390.5   433.8   466.3   505.3   555.4   639.0   850.7  1360.4  8797.4  64797.5    64618
read      341.1   232.0    68.9   121.0   142.5   312.7   388.8   432.6   466.0   507.7   567.6   666.3   860.6  1266.2  7685.5  86287.0    86482
read      341.1   216.0    68.9   118.7   140.0   313.4   391.8   437.0   469.5   509.0   565.3   663.2   878.3  1349.5  5192.1  77695.0    77459
read      335.8   255.5    63.8   120.8   141.8   311.6   386.9   429.1   460.0   496.1   542.5   617.7   804.4  1381.3 10869.9  61239.5    61365
read      329.0   225.6    68.9   121.1   141.3   310.4   380.8   420.3   449.5   483.8   526.9   591.8   764.2  1261.8  8695.4  52185.5    52346
read      336.7   228.1    68.9   120.1   142.2   312.4   384.3   424.3   455.7   496.2   556.2   656.1   831.3  1093.9  5939.6  87421.5    87286
read      278.8   227.6    68.9   115.0   132.0   268.2   316.4   343.3   363.9   388.0   418.9   465.2   563.7  1651.2 11297.4  17469.5    17384
read      333.1   209.2    63.8   119.8   142.2   306.3   380.7   423.2   454.7   493.3   547.9   642.7   826.0  1094.4  8325.0  97866.0    98165
read      331.5   187.9    63.8   119.3   140.0   311.4   386.8   428.6   458.3   493.1   537.3   608.3   787.2  1085.8  4857.6  63573.0    63330
read      266.4   392.3    68.9   126.9   150.1   235.1   269.1   287.2   299.9   318.7   345.0   397.7   700.7  5191.4 10188.6   5848.0     5866
read      317.4   231.3    68.9   117.9   136.3   301.3   363.2   399.9   428.6   463.5   506.1   570.1   733.8  1432.6  8048.9  37246.5    37693
read      336.8   203.8    63.8   119.5   140.6   310.1   389.0   433.6   466.4   506.4   559.5   641.1   837.8  1209.0  6700.0  75379.0    75360
read      317.5   222.8    68.9   118.5   136.0   298.7   363.1   402.3   434.2   470.6   516.4   582.9   737.3  1249.6 10260.8  34856.5    34753
read      338.2   276.7    63.8   124.7   145.8   315.3   390.9   433.8   465.0   502.5   549.5   621.9   794.4  1161.6  8060.8  59549.0    59823
read      339.1   184.0    68.9   122.7   144.1   316.9   395.1   438.7   471.0   509.7   558.3   633.0   806.6  1119.5  4781.9  68275.5    68266
read      328.5   180.2    68.9   121.2   140.2   313.6   381.0   421.5   452.6   489.7   535.2   595.6   734.9  1016.8  5140.4  39444.5    39383
read      341.4   214.1    63.8   121.9   143.2   316.3   396.1   443.6   478.1   518.9   568.7   638.4   805.6  1368.5  5129.0  65005.0    65072
read      314.3   204.2    63.8   117.3   134.7   292.7   361.8   403.8   437.4   473.2   514.7   571.6   694.1  1506.5  9542.9  33373.5    33192
read      328.6   181.2    68.9   121.7   140.9   312.2   382.4   422.7   453.5   490.9   537.2   600.0   740.4  1115.9  6573.3  51743.5    51847
read      333.8   208.9    68.9   121.8   142.6   313.3   389.8   433.0   465.0   502.3   546.9   611.0   744.9  1031.2  8842.6  62394.0    62362
read      338.5   193.9    63.8   120.3   141.9   311.7   389.1   434.5   469.3   511.3   568.6   659.1   837.1  1166.7  5026.7  84041.5    84073
read      336.4   248.9    63.8   121.5   142.6   311.5   387.6   430.1   461.1   497.8   543.7   616.4   807.9  2201.2 10439.4  63864.0    64213
read      310.3   226.2    68.9   116.4   133.8   289.0   351.5   392.2   423.0   458.4   499.5   557.4   692.3  1602.6 11202.3  27086.5    27059
read      334.8   181.9    68.9   123.7   144.2   316.9   389.6   429.8   460.0   496.9   542.8   608.8   777.4  1112.7  5628.3  54984.0    54703
read      337.4   211.5    63.8   121.6   144.3   309.4   384.0   427.5   460.8   502.6   560.3   645.3   831.7  1231.4  7941.3  98205.5    98366
read      310.3   226.2    68.9   116.9   134.7   292.5   353.9   392.9   423.4   458.9   499.0   549.4   679.4  1492.3 10431.1  29570.5    29565
read      343.4   229.1    63.8   121.1   142.3   317.5   397.5   441.4   472.6   513.6   570.1   656.0   833.4  1085.8  9217.6  74810.0    75000
read      336.6   245.4    63.8   123.9   145.1   314.5   390.2   431.6   462.1   499.1   545.0   613.0   781.7  1097.3 10200.6  62071.5    62235
read      328.3   267.3    68.9   123.2   143.0   311.1   380.7   419.5   448.5   483.5   528.8   593.3   757.5   977.0  7968.7  47827.0    47788
read      337.8   238.8    68.9   120.5   142.4   314.1   391.9   435.5   466.9   505.1   553.0   623.7   782.9  1054.6 12083.6  68492.0    68928
read      327.0   218.3    68.9   121.0   139.7   310.8   376.0   415.4   445.5   482.4   527.8   590.9   760.2  1053.3  7856.9  36706.0    36478
read      349.9   250.5    63.8   121.4   143.9   321.9   401.4   446.3   478.6   519.5   578.0   673.2   866.6  1344.8 10166.8  76134.5    76067
read      335.0   239.5    68.9   124.8   144.3   315.7   386.8   426.7   456.5   492.0   536.6   607.2   781.3  1198.0  9694.8  47050.0    47020
read      343.8   221.9    63.8   121.1   142.8   316.4   393.7   437.0   469.9   510.9   570.7   667.7   857.6  1327.7  7472.9  81703.0    81656
read      293.9   250.0    68.9   118.4   135.3   278.2   332.4   363.7   386.5   413.1   446.0   493.7   592.6  3089.2 10147.0  16396.0    16396
read      297.4   211.1    68.9   117.7   135.1   280.9   338.4   373.4   399.9   430.5   465.7   515.1   628.9  1590.4  8042.7  21600.5    21661
read      331.6   194.4    68.9   122.7   142.3   313.5   385.8   426.9   457.4   493.5   539.5   609.1   765.3  1004.8  6427.4  50352.5    50156
read      339.1   218.7    68.9   123.7   144.5   320.0   393.5   434.7   465.8   503.4   550.4   622.9   797.1  1192.4  9537.8  54125.0    54102
read      334.5   208.8    59.1   121.8   142.6   311.0   386.7   430.7   463.6   503.1   552.2   622.6   782.8  1099.1  8407.0  65601.0    65670
read      299.7   279.9    74.4   120.9   138.6   282.6   342.6   376.0   399.6   426.6   458.5   503.2   600.4  2505.6 11492.6  17633.0    17584
read      317.6   271.0    68.9   118.2   136.5   297.6   362.3   403.4   433.9   468.1   507.9   563.7   686.4  1531.6 10848.5  30478.5    30347
read      302.4   234.6    68.9   119.2   137.6   285.3   350.3   385.1   409.0   436.0   467.6   513.0   614.2  2182.2 10008.7  21608.0    21534
read      294.9   303.9    80.4   132.9   151.9   283.6   323.5   344.3   359.7   376.3   400.8   439.2   543.4  5237.1  9469.5  10341.5    10216
read      345.7   214.3    63.8   121.7   143.1   320.6   398.4   443.7   477.9   521.7   580.3   669.1   839.6  1081.8  7733.9  80163.5    80544
read      330.5   214.8    63.8   122.4   141.6   314.6   384.3   424.4   454.7   490.2   534.1   593.6   742.5  1092.8  6575.9  45558.5    45508
read      307.9   189.7    68.9   122.3   141.1   295.1   359.2   395.2   420.4   448.0   479.9   526.5   621.7  1551.6  8411.7  21627.5    21591
read      302.4   312.4    68.9   124.6   143.2   289.2   344.2   374.1   394.5   417.5   445.1   486.4   573.8  3253.6 11892.6  15375.5    15435
read      296.9   249.4    74.4   126.7   144.8   288.1   341.1   368.2   387.0   407.5   433.1   471.0   556.0  3104.4 12957.0  14601.0    14502
read      312.5   283.5    68.9   125.7   144.6   299.5   360.5   393.1   415.4   439.0   466.9   506.2   591.6  2637.9 15957.5  16297.5    16369
read      327.5   229.6    63.8   119.4   138.3   307.9   376.5   418.3   450.5   487.9   532.5   593.4   747.0  1766.4  8562.6  41995.0    42077
read      317.0   212.2    68.9   118.9   137.4   298.4   362.8   402.1   433.3   469.0   513.2   574.8   724.6  1383.0  8738.2  38202.5    38334
read      286.7   255.3    74.4   117.6   134.3   271.4   324.1   353.3   374.6   400.3   433.0   480.6   581.8  2165.7 12748.2  17628.0    17694
read      342.9   227.2    63.8   121.6   142.9   317.0   393.8   438.0   469.9   509.3   564.8   654.6   846.6  1178.6 10083.9  74452.5    75056
read      326.5   202.5    63.8   120.9   140.5   309.2   380.0   419.4   448.1   482.5   525.9   588.2   749.8   999.0  7760.8  53827.5    53845
read      283.3   265.9    74.4   121.9   139.3   271.7   318.5   343.2   360.9   381.0   407.6   451.1   542.2  3837.7 12236.4  13551.0    13319
read      348.6   255.0    68.9   124.2   145.6   318.9   397.5   442.6   475.0   516.0   574.1   672.8   881.0  2053.7  8960.1  77585.0    77808
read      318.7   194.0    68.9   121.6   140.4   303.6   367.4   403.0   430.6   463.6   506.0   571.9   760.2  1440.9  7546.5  44577.0    44423
read      310.5   248.0    68.9   120.3   138.1   291.2   347.0   385.2   415.9   452.4   493.7   551.7   696.7  1544.2 13232.7  25800.0    25669
read      341.4   260.7    63.8   123.8   145.2   315.0   393.9   437.5   468.9   506.4   555.5   633.1   837.5  1272.1  8095.3  66090.5    66463

Total QPS = 50127.8 (45115060 / 900.0s)

Total connections = 64
Misses = 0 (0.0%)
Skipped TXs = 0 (0.0%)

RX 11143420067 bytes :   11.8 MB/s
TX          0 bytes :    0.0 MB/s
Warning! Detected max cpu usage > 95%
CPU Usage Stats (avg/min/max): 100.00%,49.25%,100.00%
