Random waveform, supplied seed
Total number of intervals = 450 (7434, 67201, 85927, 63953, 31595, 87879, 7287, 62295, 6561, 22532, 60653, 59076, 60154, 22964, 8172, 27652, 37594, 24367, 33771, 84944, 85666, 51918, 34406, 28664, 38289, 20658, 13840, 93419, 98284, 71313, 42089, 46458, 30755, 42889, 93552, 65694, 29574, 51355, 67361, 16287, 81508, 87619, 99068, 51267, 11822, 97494, 97350, 55460, 85984, 82043, 52873, 13911, 49984, 9274, 27187, 18735, 86505, 93039, 75999, 32324, 84255, 81759, 37291, 53818, 30297, 31569, 38927, 10652, 98119, 48176, 34929, 69735, 20753, 84642, 42333, 61587, 77998, 97625, 23781, 66723, 31016, 47394, 95335, 5252, 65908, 16889, 42912, 99898, 26385, 22616, 50605, 90283, 26273, 48521, 34058, 75648, 19482, 15054, 75754, 5187, 17656, 96343, 36665, 85269, 31525, 61798, 12253, 25710, 79937, 7271, 85861, 91467, 72217, 31080, 76878, 84584, 12492, 57106, 96245, 6791, 90728, 5151, 82969, 42635, 99337, 95192, 69200, 49459, 29055, 64324, 5705, 84816, 23714, 74116, 19948, 44213, 19454, 7190, 47657, 44399, 6481, 5807, 83137, 9580, 37385, 33706, 35204, 50438, 48878, 42682, 27416, 64424, 64364, 5481, 26227, 26586, 86286, 24452, 26832, 29795, 46224, 84587, 63389, 46953, 90536, 12508, 38491, 97806, 11813, 39665, 53571, 63215, 78767, 8615, 67903, 16398, 53434, 38068, 9130, 69227, 37496, 83925, 51037, 33690, 51474, 73708, 98618, 81977, 91567, 48236, 91726, 52458, 70467, 71151, 65016, 42057, 78821, 60720, 39911, 10628, 73736, 7334, 91868, 76670, 10405, 26019, 55530, 29615, 66057, 55281, 21177, 88239, 70227, 23421, 97104, 6235, 58045, 23729, 40897, 53312, 87262, 81836, 92274, 47252, 75747, 80994, 98224, 7737, 37514, 10640, 90490, 92514, 89245, 73823, 46565, 21419, 66915, 31667, 72255, 99535, 9226, 67844, 71413, 97328, 55113, 53743, 15253, 90605, 25767, 93458, 95080, 88399, 95681, 33003, 98809, 64610, 51183, 20194, 7602, 46677, 5577, 23035, 57516, 62851, 38431, 25729, 19443, 19461, 42341, 5691, 40223, 29941, 41162, 43863, 20318, 93421, 48578, 40595, 17677, 78948, 9703, 9686, 7968, 15830, 8192, 79410, 76582, 54634, 72177, 15101, 8167, 44130, 53047, 97171, 81360, 77277, 38294, 11165, 74155, 12255, 52404, 17057, 6005, 85707, 79742, 58322, 26212, 69487, 29507, 51412, 67374, 55125, 53048, 12192, 36138, 60799, 36368, 39729, 95693, 40999, 65037, 12633, 50117, 62765, 12379, 49369, 39111, 52692, 24539, 61591, 47864, 16479, 75268, 8714, 13002, 77147, 43518, 27206, 55859, 37448, 45026, 99974, 64632, 49061, 80418, 16471, 35694, 13935, 79838, 48842, 17708, 31401, 62091, 87121, 81929, 42013, 90709, 67578, 58116, 68886, 93119, 95079, 77456, 15723, 9867, 8176, 89745, 11058, 81413, 21659, 27181, 17420, 23028, 33694, 32735, 57645, 45216, 57659, 85443, 14390, 31520, 67089, 16537, 18930, 46784, 93102, 89799, 66551, 93104, 43768, 54006, 64618, 86482, 77459, 61365, 52346, 87286, 17384, 98165, 63330, 5866, 37693, 75360, 34753, 59823, 68266, 39383, 65072, 33192, 51847, 62362, 84073, 64213, 27059, 54703, 98366, 29565, 75000, 62235, 47788, 68928, 36478, 76067, 47020, 81656, 16396, 21661, 50156, 54102, 65670, 17584, 30347, 21534, 10216, 80544, 45508, 21591, 15435, 14502, 16369, 42077, 38334, 17694, 75056, 53845, 13319, 77808, 44423, 25669, 66463)
Average QPS expected = 50157
Timestamp start: 1715954002317
Timestamp end: 1715954903142

#type       avg     std     min      p5     p10     p50     p67     p75     p80     p85     p90     p95     p99    p999   p9999      QPS   target
read      274.7   369.1    68.9   125.1   146.1   249.8   283.1   300.5   313.2   328.5   349.2   393.1   661.2  6646.4 13477.3   7283.0     7434
read      329.8   190.2    68.9   119.8   140.7   307.9   383.9   426.4   456.7   492.3   537.9   609.5   787.0  1222.2  5630.4  66920.0    67201
read      349.0   299.8    63.8   119.4   140.7   308.4   385.1   430.8   465.7   509.7   573.3   679.1  1003.1  3511.3 10227.5  85838.0    85927
read      361.3   287.7    68.9   124.3   146.5   329.5   412.4   457.4   489.8   528.9   580.3   667.1   926.1  2934.4  9839.8  63601.0    63953
read      323.4   177.2    68.9   118.1   137.2   307.0   370.1   408.7   439.5   473.9   517.6   585.5   749.2  1496.0  4126.0  31659.0    31595
read      370.2   312.9    68.9   129.3   152.4   335.0   416.1   463.5   500.1   545.0   609.0   715.5   954.7  2444.9  8928.6  87134.5    87879
read      322.0   636.7    86.8   143.7   166.4   280.4   314.3   332.6   344.8   361.3   382.7   428.0  1435.8  8280.3 31326.4   7458.0     7287
read      349.5   192.0    68.9   124.6   144.6   326.5   406.9   453.8   487.6   528.2   578.5   653.1   831.4  1699.7  4058.2  62001.5    62295
read      293.3   283.4    86.8   146.4   169.8   277.7   311.0   328.9   341.5   357.0   375.0   414.3   635.8  3807.2 12592.1   6692.0     6561
read      337.2   303.9    74.4   121.9   140.9   308.6   387.1   431.6   461.9   495.5   533.9   587.6   861.9  2545.7 12653.7  22739.5    22532
read      363.9   391.8    68.9   121.3   142.3   321.8   401.4   444.9   476.1   516.8   572.3   663.5  1420.4  4110.9 10220.2  60648.0    60653
read      342.7   235.8    68.9   121.7   142.0   314.6   390.2   430.1   460.1   496.8   543.5   622.9   975.8  2328.4  8002.0  59096.5    59076
read      379.9   430.4    63.8   123.2   144.3   321.3   401.9   448.0   482.5   526.6   588.0   718.8  1804.5  3926.3 12901.4  60151.0    60154
read      353.6   609.5    74.4   117.1   134.6   294.3   358.0   399.4   430.9   466.0   512.3   613.1  1803.2  5364.5 31475.7  23057.0    22964
read      456.5  1503.8    74.4   119.3   140.0   273.2   320.9   350.6   372.6   403.8   455.6   575.2  6127.2 30468.5 34517.1   8193.0     8172
read      395.3   705.6    68.9   117.6   136.3   296.1   374.9   430.9   475.9   537.0   661.3   882.2  1495.8  9572.8 30675.6  27673.0    27652
read      317.7   191.3    68.9   118.9   136.8   299.9   364.6   403.0   433.1   469.9   516.6   584.1   747.5  1234.7  4007.3  37465.5    37594
read      313.4   311.5    68.9   117.8   135.7   288.5   349.0   389.2   419.4   454.0   494.3   549.2   716.5  2718.9 10350.4  24406.0    24367
read      317.1   204.3    74.4   119.9   138.4   301.7   363.7   400.9   429.9   466.0   507.5   566.0   712.2  1483.2  9161.7  33876.5    33771
read      337.1   198.1    63.8   121.0   142.6   310.2   384.6   429.2   462.9   504.6   563.2   657.4   834.4  1265.2  5835.5  84956.0    84944
read      345.8   211.9    63.8   121.8   144.6   317.3   395.2   440.5   472.4   513.7   575.3   674.6   869.5  1349.7  5045.2  85517.0    85666
read      349.0   220.4    68.9   123.0   144.7   328.1   406.1   446.9   475.4   509.6   556.3   631.6   842.9  2230.4  6506.5  52367.0    51918
read      326.8   243.1    68.9   117.6   136.2   310.1   372.5   410.3   440.4   475.3   519.2   582.7   748.7  1701.4 12935.6  34426.0    34406
read      314.7   195.0    68.9   116.7   134.7   298.3   356.7   394.0   423.7   459.1   501.2   564.4   736.2  1570.3  6785.5  28725.0    28664
read      330.6   197.3    68.9   119.6   138.6   316.3   383.7   422.3   451.3   485.6   529.2   591.2   757.0  1364.6  7811.2  38160.5    38289
read      309.1   272.8    74.4   118.5   136.4   285.5   349.9   388.7   415.3   444.2   478.9   534.0   741.0  2978.7 12765.4  20786.0    20658
read      289.8   231.2    68.9   121.1   139.2   280.2   329.5   355.5   373.8   397.0   427.3   469.9   579.6  2076.8 10765.3  13754.5    13840
read      361.8   259.5    63.8   126.3   150.7   328.4   406.7   452.6   486.3   530.5   594.3   698.9   942.1  2831.4  8026.0  93143.5    93419
read      359.6   330.6    68.9   127.0   150.7   325.1   402.2   448.4   483.1   528.1   589.8   688.1   901.8  2624.2 13420.5  98365.5    98284
read      337.2   191.6    68.9   120.8   141.8   314.9   392.9   436.5   468.5   508.1   559.2   633.6   789.2  1112.5  5929.8  71190.0    71313
read      339.0   184.8    68.9   123.1   143.0   318.0   390.8   434.7   467.9   507.8   553.8   623.0   802.8  1893.9  3929.8  42053.0    42089
read      340.5   270.2    68.9   122.7   141.9   317.3   388.4   430.7   462.7   501.2   548.0   619.3   800.0  2934.6 10043.8  46377.5    46458
read      320.0   206.1    68.9   117.6   135.4   298.8   365.9   407.7   438.6   475.0   517.9   580.9   740.2  2156.1  8228.1  30902.0    30755
read      335.7   198.5    68.9   123.3   142.7   316.5   389.5   431.1   463.1   501.3   547.6   614.8   770.9  1454.8  6935.7  42865.5    42889
read      373.3   360.0    63.8   124.8   149.2   331.2   415.0   463.5   499.6   543.9   607.5   719.4  1032.0  4129.5 12092.5  93723.5    93552
read      359.4   267.8    68.9   123.5   145.3   332.6   415.4   459.4   490.4   527.7   578.1   665.7   872.1  2734.9  9041.6  65704.0    65694
read      329.1   276.4    68.9   115.7   133.9   305.1   364.8   401.5   434.1   471.9   520.6   594.4   934.2  2086.7 10296.6  29468.0    29574
read      359.4   300.9    68.9   122.6   143.7   327.8   407.1   449.4   480.7   519.3   571.0   658.7  1104.7  2613.0  9811.7  51620.0    51355
read      350.5   251.3    68.9   120.7   141.7   318.5   398.5   442.1   472.0   509.2   563.2   653.6   993.9  2720.5  9051.7  67564.5    67361
read      334.1   345.4    68.9   112.9   130.9   281.4   343.6   385.2   419.8   465.7   542.4   676.2  1384.0  3808.7 12390.4  16474.5    16287
read      365.4   358.8    63.8   123.1   145.4   319.6   397.6   444.8   481.0   527.6   588.8   687.7  1116.3  4304.7  9260.8  81617.5    81508
read      349.2   249.8    68.9   124.9   147.3   317.5   392.7   437.0   471.6   516.3   577.7   671.1   866.2  2725.5  9210.3  88055.0    87619
read      352.9   273.1    68.9   125.1   149.1   319.4   395.3   441.4   476.8   521.3   582.4   678.0   884.8  2813.1  8157.6  99432.0    99068
read      353.0   281.7    68.9   125.3   146.2   323.8   400.8   443.1   474.0   513.0   565.5   640.5   990.3  2540.2  8698.3  51307.0    51267
read      341.8   451.1    80.4   128.3   146.9   302.3   360.0   393.1   419.9   456.6   509.7   602.8  1039.1  5970.9 14833.1  12078.5    11822
read      380.7   440.8    68.9   128.9   154.4   336.2   413.9   459.8   496.0   542.0   610.3   726.6  1011.2  4797.4 15140.7  97174.5    97494
read      353.8   306.1    63.8   122.4   146.0   316.5   392.7   437.0   470.2   514.1   578.2   682.6   945.5  3401.1  8083.3  97510.5    97350
read      344.8   258.3    68.9   122.2   142.6   318.5   396.7   437.0   466.1   502.1   548.2   624.5   935.1  2126.0  8449.9  55228.0    55460
read      363.5   370.0    68.9   122.5   145.0   323.6   402.9   449.6   483.1   526.3   588.5   692.9   986.0  4003.9 11259.1  85804.5    85984
read      399.3   431.7    68.9   127.6   152.4   346.2   431.5   479.7   516.4   563.3   636.9   777.2  1425.1  4703.4 18015.8  81841.5    82043
read      359.9   354.6    68.9   122.9   143.9   324.4   402.1   444.3   472.6   511.2   561.8   649.1  1149.9  3724.0 11431.9  52975.5    52873
read      317.0   326.1    63.8   115.0   132.8   278.9   335.3   369.0   397.6   433.7   492.2   609.4   937.2  4237.8 12343.7  13969.5    13911
read      370.7   282.8    63.8   124.8   146.7   335.4   415.3   457.5   488.6   527.1   579.9   681.1  1350.4  2874.3  9338.1  49947.5    49984
read      334.5   810.0    74.4   118.4   136.8   271.5   315.8   342.9   364.2   392.0   438.2   523.5  1423.7 12393.0 31779.1   9278.5     9274
read      350.4   529.4    74.4   116.3   134.7   303.9   367.1   409.6   444.9   485.8   537.6   642.8  1165.5  5768.8 30902.8  26921.0    27187
read      356.5   644.6    68.9   115.1   132.9   290.2   354.5   397.9   432.0   471.9   536.1   723.5  1447.6  5924.3 27688.7  18788.5    18735
read      391.0   407.9    68.9   127.5   152.1   342.6   423.1   470.1   506.0   552.8   627.0   746.8  1231.7  5104.3 10956.5  86423.0    86505
read      394.2   438.4    68.9   129.1   155.2   346.5   426.0   470.5   506.4   552.8   628.9   761.2  1260.8  4740.5 16416.2  93317.5    93039
read      389.1   364.2    68.9   125.5   147.9   344.3   428.0   475.4   508.9   553.8   628.3   757.1  1418.7  3156.8 11036.9  76551.5    75999
read      342.8   300.0    68.9   116.8   134.9   316.4   380.5   419.7   450.2   487.2   534.2   617.6  1121.6  3109.8 12111.4  32612.0    32324
read      374.4   346.9    68.9   124.0   147.4   328.8   410.5   457.2   492.4   537.7   605.3   723.2  1369.5  3637.1 10757.1  83854.5    84255
read      375.0   437.1    68.9   124.0   146.9   323.2   400.9   446.9   481.7   527.9   594.4   711.6  1534.3  5149.3 11420.1  82382.0    81759
read      346.0   224.6    74.4   122.9   142.4   322.6   393.0   434.0   464.5   502.4   550.6   630.6  1002.8  1956.4  5787.6  37199.0    37291
read      362.5   396.1    68.9   126.6   148.0   327.0   405.7   447.8   477.1   515.1   566.5   649.2  1005.7  5185.9 15361.6  53769.5    53818
read      330.9   287.1    68.9   116.8   135.0   303.5   365.4   402.0   433.0   469.9   516.0   590.0   959.3  3909.2  8668.3  30615.0    30297
read      335.8   233.2    68.9   117.7   136.4   307.2   385.4   433.6   468.2   507.7   549.3   611.2   872.5  2173.1  8095.3  31819.5    31569
read      360.8   425.0    74.4   121.9   141.4   325.9   402.4   449.9   486.1   528.2   577.5   647.9   945.9  4083.7 15954.8  38926.0    38927
read      334.6   406.1    80.4   133.1   154.4   304.3   351.5   377.3   398.5   425.4   463.8   539.9  1232.9  4353.8 11902.4  10639.5    10652
read      426.1   610.1    74.4   140.3   169.7   359.9   439.4   488.3   528.3   583.5   662.3   794.2  1595.0  7892.5 30882.3  97931.0    98119
read      364.0   329.9    68.9   124.5   143.8   329.8   407.2   454.0   489.2   530.2   580.1   658.3  1196.1  3002.5 13309.9  48093.0    48176
read      342.4   253.0    68.9   118.6   138.0   318.8   385.9   424.7   454.3   490.7   537.1   611.3   974.1  2670.2  8629.2  34947.5    34929
read      354.9   277.7    68.9   119.8   141.0   316.2   395.0   439.2   470.2   509.2   568.1   665.4  1261.5  3120.7  4905.4  69714.5    69735
read      341.4   354.0    68.9   116.5   135.6   297.2   362.7   404.9   439.9   479.1   532.2   665.1  1086.0  4209.5 13826.1  20595.0    20753
read      366.2   372.9    63.8   122.2   144.4   324.3   402.8   447.8   481.2   524.0   587.2   696.4  1031.4  4623.2 14365.7  84400.0    84642
read      349.9   229.2    68.9   122.3   141.8   326.7   398.5   438.3   466.6   503.4   550.6   629.8  1004.5  2310.8  6357.2  42171.0    42333
read      370.7   273.9    68.9   126.3   147.6   336.0   419.9   466.3   502.0   544.7   601.8   691.3  1153.0  2922.0  6044.9  61743.0    61587
read      363.6   291.0    68.9   125.6   146.0   321.5   403.4   451.9   489.0   535.0   594.4   690.8  1084.5  3174.0  7736.9  78356.5    77998
read      385.9   405.5    63.8   132.0   156.8   336.5   414.1   462.0   500.6   548.7   620.6   733.4  1192.4  5596.7 12769.0  97672.0    97625
read      336.2   403.6    68.9   119.7   138.1   305.9   383.8   430.3   462.8   497.4   536.7   591.2   839.9  3062.9  9582.5  23828.0    23781
read      370.4   310.5    74.4   122.6   143.3   327.8   411.6   459.7   495.7   539.5   595.6   693.2  1351.4  3386.1  9352.3  67007.5    66723
read      349.4   460.4    68.9   120.1   139.0   316.2   381.4   421.9   453.5   491.3   539.3   620.2  1030.4  3752.8 22048.4  31061.5    31016
read      361.0   263.1    68.9   126.7   148.0   334.0   411.5   452.8   483.0   521.3   573.1   656.0  1033.2  2358.0  8523.9  47272.0    47394
read      355.4   325.2    63.8   123.2   146.6   318.8   395.3   439.3   472.6   516.9   581.5   689.0   958.7  2868.9 12102.3  95509.5    95335
read      331.8  1037.1    68.9   136.2   158.1   247.9   284.1   305.5   322.5   344.2   374.5   452.2  1672.4 20084.3 32206.8   5271.0     5252
read      390.6   329.4    68.9   124.7   147.4   333.8   424.1   474.7   513.4   565.2   636.0   793.7  1568.6  3378.9 12057.5  65370.5    65908
read      339.6   657.2    68.9   115.9   134.1   285.2   348.0   389.1   422.1   462.5   521.1   647.8  1036.8  6761.2 31579.9  16758.5    16889
read      354.9   295.6    68.9   120.7   140.8   319.2   390.5   431.4   463.4   503.0   555.1   656.6  1329.2  2775.2  9110.3  43173.5    42912
read      395.6   523.1    68.9   131.5   159.3   342.4   416.2   460.0   496.2   545.3   622.9   747.5  1171.1  7364.3 20468.9 100354.0    99898
read      334.0   412.2    68.9   115.6   134.3   303.4   364.7   403.7   437.0   473.9   518.3   590.5   934.1  2878.8 18867.2  26570.0    26385
read      353.4   448.4    68.9   116.4   135.6   295.3   361.1   404.8   441.0   482.8   540.6   717.5  1392.5  5384.9 16913.6  22642.0    22616
read      370.5   351.1    63.8   125.9   147.1   332.4   409.8   454.8   489.4   532.8   586.8   681.0  1299.7  3613.8 10769.2  50559.5    50605
read      382.0   374.4    63.8   127.9   152.9   336.7   417.1   464.8   501.5   549.2   618.9   731.2  1124.5  4856.1  8786.4  90240.0    90283
read      324.7   247.6    68.9   117.3   135.0   297.1   366.3   410.1   442.5   477.1   517.1   579.9   876.0  1885.9  9212.0  26005.5    26273
read      363.9   360.9    63.8   126.7   147.1   330.9   407.8   450.8   484.4   525.5   575.6   650.2  1089.2  3347.8 15162.5  48382.0    48521
read      325.1   235.4    68.9   118.9   137.1   305.6   371.7   413.7   446.1   483.4   525.7   584.7   733.1  1635.2  8096.0  33937.0    34058
read      355.0   351.3    63.8   123.0   144.8   322.3   401.8   448.0   481.2   521.6   577.8   673.8   902.8  2628.8 12863.0  75552.5    75648
read      336.8   633.5    68.9   116.9   133.8   284.0   342.1   379.1   406.9   441.7   482.9   547.4  1362.3 10362.7 35201.7  19462.5    19482
read      278.2   291.4    68.9   114.6   131.2   265.5   314.2   340.6   360.4   382.8   409.2   452.3   565.5  1878.4 16263.7  15027.0    15054
read      341.0   219.1    63.8   119.9   140.7   311.5   388.2   433.1   465.8   505.4   563.5   652.5   894.1  2257.3  5870.3  75126.0    75754
read      296.0   751.4    74.4   134.0   153.9   234.9   270.1   292.3   309.9   331.6   360.5   417.6  1463.8 11488.7 25768.0   5265.5     5187
read      469.1  1213.5    68.9   113.3   132.3   310.6   414.0   496.0   556.8   626.8   707.8   813.7  3703.8 20543.1 37415.4  17413.5    17656
read      340.3   253.3    63.8   123.3   145.8   309.9   384.0   427.3   460.2   500.2   558.4   655.0   859.1  2207.8  8191.0  96018.0    96343
read      332.2   258.7    63.8   120.4   139.6   313.2   374.5   411.8   441.0   476.5   521.9   588.5   798.7  2753.7  8949.7  36600.0    36665
read      352.5   298.2    63.8   124.0   145.8   317.4   396.2   442.0   474.7   516.4   576.5   675.0   908.1  3252.1  8487.5  85230.5    85269
read      332.9   230.6    68.9   118.8   137.7   307.9   370.5   409.5   440.6   478.2   526.1   600.9  1030.4  2441.7  7935.2  31766.0    31525
read      380.3   582.4    68.9   123.4   144.1   319.1   397.7   443.3   478.6   523.3   580.5   681.8  1656.2  7325.2 21463.2  62050.0    61798
read      421.1  1166.3    68.9   124.0   143.0   309.8   379.1   428.5   465.8   506.9   553.2   636.9  3125.4 23102.7 36231.3  12134.5    12253
read      407.6   815.8    68.9   116.3   134.6   295.9   384.6   441.8   488.0   547.7   681.9   936.8  1968.1  6356.0 31753.3  25598.0    25710
read      382.0   710.1    68.9   120.9   142.3   314.4   390.6   436.6   472.2   518.6   582.2   681.5  1472.8  8798.7 32110.3  80308.0    79937
read      397.6  1245.2    74.4   132.7   156.1   283.6   324.4   347.3   365.4   387.7   420.4   494.3  3730.5 28173.5 36909.8   7305.5     7271
read      404.5   445.3    63.8   127.4   151.8   337.8   421.3   470.5   513.6   570.1   650.8   813.9  1848.7  4035.8 13916.3  85634.5    85861
read      401.7   569.6    68.9   125.8   151.0   331.4   412.8   463.6   504.1   556.9   629.2   752.9  1727.5  6599.1 28839.1  91459.0    91467
read      398.2   644.3    68.9   122.3   144.2   321.8   405.1   453.6   492.7   542.9   609.8   745.4  1872.4  8000.6 28826.7  72326.5    72217
read      343.4   605.1    68.9   114.6   131.9   291.2   363.5   410.7   446.6   485.9   532.3   604.9  1092.6 12020.3 29140.9  31200.0    31080
read      394.7   632.8    68.9   123.7   146.7   325.2   404.9   454.4   492.2   539.1   601.2   705.2  1714.5  8007.0 28533.5  77089.5    76878
read      404.1   519.0    63.8   125.4   148.9   331.3   413.2   463.3   504.0   558.9   635.5   790.0  1884.7  5834.8 25864.7  84333.5    84584
read      421.8  1209.3    74.4   124.1   143.7   310.1   375.5   418.6   454.6   498.4   549.8   633.5  2894.2 22126.4 37155.3  12505.5    12492
read      384.9   450.0    68.9   120.1   140.6   315.0   396.8   445.0   482.7   530.4   593.6   767.1  1751.9  5827.5 10245.2  56699.5    57106
read      377.1   392.7    68.9   126.0   149.8   326.9   403.7   452.0   490.1   538.8   607.2   719.3  1376.0  5169.5 10228.0  95986.5    96245
read      450.2  1520.2    80.4   135.6   159.1   287.7   330.8   355.3   373.6   399.0   434.6   514.7  5812.4 30391.9 36038.6   6753.0     6791
read      422.2   469.0    63.8   129.5   158.2   351.3   435.8   489.5   534.4   595.1   686.0   852.1  1803.6  5517.9 14615.4  90072.0    90728
read      465.2  1660.3    74.4   133.5   155.4   262.9   302.1   323.5   340.2   363.2   400.5   642.6  5237.8 30896.6 32516.3   5229.0     5151
read      409.7   798.4    63.8   124.1   148.0   325.0   403.5   451.7   489.1   535.7   600.9   721.7  1758.9  9861.2 32466.4  82158.5    82969
read      348.2   498.0    68.9   118.1   136.1   303.6   372.4   414.2   446.7   486.5   535.4   614.1  1260.6  7786.1 18294.9  42428.0    42635
read      393.3   770.5    63.8   125.9   151.4   319.2   392.8   439.7   477.5   526.2   590.8   694.8  1511.2 12347.0 32423.9  99372.5    99337
read      346.1   248.9    63.8   125.9   148.6   316.3   391.5   435.6   470.5   514.6   574.7   666.1   853.1  1865.8  6958.8  95371.0    95192
read      350.6   267.9    68.9   124.2   144.7   322.5   402.7   449.5   484.0   525.9   578.1   654.3   853.3  1988.4  7889.1  69147.0    69200
read      353.6   453.1    68.9   125.0   144.6   322.7   395.9   436.5   468.6   507.5   555.9   626.7   825.7  6768.4 16816.2  49514.0    49459
read      349.6   579.2    68.9   121.0   139.8   306.5   381.3   429.1   462.0   498.8   540.2   598.2   951.8  7632.7 30574.3  29280.5    29055
read      348.7   262.9    63.8   124.2   145.0   322.7   403.7   448.6   480.9   519.4   570.6   642.3   824.0  1844.7 12352.8  64426.5    64324
read      387.9  1284.7    74.4   136.7   159.6   260.9   299.8   320.5   335.9   354.3   383.0   451.8  4202.2 25283.8 32185.8   5619.0     5705
read      432.1   549.2    68.9   130.7   157.6   347.7   431.0   483.5   527.6   587.4   676.4   853.3  2110.6  6495.4 20592.5  84410.0    84816
read      365.7   651.5    68.9   119.8   138.1   303.5   373.7   420.4   453.1   488.9   532.7   616.5  1238.2 10975.0 24412.7  23676.0    23714
read      404.3   523.9    68.9   125.4   148.1   337.4   422.0   471.8   510.8   562.4   634.6   771.5  1819.6  5904.3 24667.6  74029.0    74116
read      446.9  1033.0    63.8   122.2   141.4   314.9   421.0   502.9   577.6   661.0   743.0   854.5  2292.6  9315.1 37959.2  19924.5    19948
read      445.9   854.0    68.9   120.0   140.8   316.9   396.2   448.6   493.7   556.8   713.4  1228.5  2280.0  8925.4 31976.3  44097.5    44213
read      385.1   650.2    68.9   114.5   132.0   295.3   377.7   438.6   486.1   555.3   666.8   799.0  1516.1  7873.0 30185.6  19414.0    19454
read      452.0  1557.1    74.4   123.6   148.8   273.1   318.3   345.2   368.4   398.7   447.7   584.7  5649.1 31272.0 37630.2   7178.0     7190
read      403.5   551.9    68.9   122.2   143.3   324.2   403.7   452.3   489.8   536.8   612.5   901.1  1753.4  6970.6 17364.0  47394.5    47657
read      444.4   798.2    68.9   122.9   144.5   330.1   415.7   467.4   508.6   570.7   698.8  1138.9  2613.7 10499.2 35205.9  44149.0    44399
read      438.8  1496.1    74.4   126.5   153.7   281.9   327.9   353.6   373.7   398.8   438.0   556.2  4125.7 31176.4 37026.4   6475.5     6481
read      434.8  1430.4    68.9   129.3   157.0   274.3   316.1   339.1   356.5   377.7   414.4   533.3  4305.2 26508.7 42337.0   5833.0     5807
read      446.6   586.1    63.8   129.2   156.5   352.1   433.9   485.7   530.0   594.9   702.5  1026.9  2031.3  5966.1 24374.2  82553.5    83137
read      441.7  1360.4    63.8   120.5   141.9   306.7   371.5   414.9   449.9   489.4   539.1   643.9  3219.8 30521.9 36144.4   9564.5     9580
read      403.9   799.9    68.9   121.0   140.4   311.0   382.5   429.0   467.0   515.1   585.2   847.7  1727.8 11984.0 32377.6  37435.0    37385
read      360.6   734.3    68.9   115.0   133.0   302.3   364.8   402.7   435.0   474.2   524.9   621.7  1207.1  9037.1 31050.3  33649.0    33706
read      370.3   626.7    68.9   118.2   137.0   315.7   383.3   424.7   457.9   497.8   548.8   651.0  1276.2 10874.9 29960.4  35346.5    35204
read      358.5   263.6    68.9   124.4   145.6   329.7   406.4   448.0   478.4   516.5   567.5   651.0  1020.4  2523.0  8593.5  50576.5    50438
read      390.1   651.4    68.9   122.1   142.6   324.0   399.9   441.5   473.8   516.1   573.8   698.7  1761.3 10958.0 27279.7  48781.0    48878
read      363.5   376.9    68.9   120.9   140.4   323.0   394.4   435.0   465.9   504.9   555.2   648.2  1359.1  5195.1  9868.2  42667.5    42682
read      327.9   260.7    68.9   117.9   135.3   297.6   371.4   416.3   448.3   482.7   524.5   584.3   913.9  2990.3 10456.7  27516.5    27416
read      394.4   580.4    68.9   122.8   144.4   320.8   402.1   452.2   489.6   536.8   598.6   728.6  1896.9  7229.1 30498.3  64431.5    64424
read      366.6   469.4    63.8   121.1   141.5   313.7   393.9   439.4   473.1   515.7   570.3   663.4  1488.2  6784.0 18322.8  64315.5    64364
read      380.2  1161.3    74.4   140.2   164.9   277.6   317.0   338.7   355.2   375.9   407.4   472.5  3010.8 26674.6 36424.9   5378.5     5481
read      423.8   988.8    68.9   117.5   135.7   300.4   388.0   444.9   486.3   536.8   633.2   877.2  2351.6 16185.7 32314.4  26096.0    26227
read      351.7   423.8    74.4   120.3   138.5   307.1   388.3   438.7   472.7   510.5   555.2   630.9  1095.5  5410.9 16066.4  26691.5    26586
read      379.5   380.9    68.9   129.9   152.7   335.1   416.4   464.5   502.2   549.5   617.7   726.1  1080.1  4227.0 12383.3  86697.5    86286
read      341.4   328.7    74.4   120.0   137.9   304.9   383.9   432.5   463.2   496.3   535.4   593.2  1082.2  3288.6  7569.1  24454.5    24452
read      332.0   334.3    68.9   116.5   134.3   298.4   375.9   423.6   456.4   491.1   530.5   586.7   954.4  3141.4 15712.0  26948.0    26832
read      350.1   375.1    74.4   120.3   138.4   313.9   391.1   440.1   474.6   513.3   557.3   621.1   974.0  5055.7 11907.7  29641.5    29795
read      355.8   467.1    68.9   119.3   138.1   317.5   390.2   429.9   459.3   496.0   545.0   631.7  1090.4  5313.1 18590.0  46378.5    46224
read      392.6   734.9    68.9   124.4   147.7   326.0   402.8   448.1   481.3   526.8   597.1   717.3  1556.4  6927.9 31863.9  84667.5    84587
read      377.0   647.5    68.9   121.6   142.5   319.4   399.5   443.6   474.4   514.7   571.6   672.5  1433.3  7562.2 32077.2  63349.5    63389
read      352.4   346.5    68.9   119.5   139.5   314.7   387.0   427.5   458.5   497.4   547.6   639.2  1378.3  3001.8 15429.9  46972.0    46953
read      378.9   486.8    63.8   121.9   145.2   325.5   402.7   448.1   482.2   528.7   598.8   722.6  1504.1  4957.9 27790.1  90456.0    90536
read      424.3  1064.2    74.4   123.9   143.5   318.2   392.9   442.1   481.8   524.6   573.3   654.4  2879.0 10422.2 38424.4  12587.5    12508
read      387.4   636.9    68.9   119.3   137.9   312.9   386.9   434.9   473.7   522.5   584.5   769.2  1651.2  9264.6 31262.5  38093.0    38491
read      401.1   524.3    63.8   132.6   160.7   347.6   424.3   468.6   507.2   558.6   632.5   758.6  1085.4  6140.3 19995.1  98083.0    97806
read      399.5   972.8    80.4   124.8   143.7   313.5   380.6   424.5   458.4   499.2   548.4   626.7  2265.9  8110.5 36825.7  11856.0    11813
read      430.0   937.0    68.9   122.8   143.1   332.7   411.0   460.9   500.6   551.3   625.9   871.0  1905.7 12917.7 41573.2  39490.0    39665
read      381.0   616.2    63.8   125.2   146.4   329.0   408.6   451.5   482.3   521.4   576.1   676.0  1394.2  6348.0 31242.1  53627.0    53571
read      381.7   411.5    68.9   123.2   144.5   327.5   411.8   458.2   493.2   536.5   598.4   715.5  1669.8  3849.3 12147.0  63035.5    63215
read      398.5   546.5    68.9   122.8   145.8   327.5   406.2   453.5   489.5   537.5   613.2   757.3  1859.6  4706.7 22028.3  78497.5    78767
read      428.0  1379.5    63.8   117.3   138.3   280.9   332.0   365.1   393.3   431.8   476.6   563.8  3781.4 28366.9 43111.4   8675.5     8615
read      377.6   397.0    68.9   122.4   144.1   327.7   409.6   456.8   491.1   533.8   594.7   709.4  1557.3  4511.4 14342.6  67948.0    67903
read      428.3   864.4    74.4   124.5   144.7   326.1   423.7   489.5   539.8   596.3   669.4   766.9  2266.4  8128.5 30565.0  16264.5    16398
read      413.1   639.8    68.9   122.7   143.2   322.9   400.7   448.2   486.5   535.7   600.5   809.4  2203.9  7602.5 22713.8  53468.5    53434
read      346.6   365.9    74.4   119.9   138.1   314.7   385.0   426.6   460.3   501.4   550.5   625.1  1035.4  3978.3 11023.3  38210.5    38068
read      438.0  1431.4    74.4   130.2   150.5   296.5   345.9   378.1   404.5   440.9   493.1   591.0  4422.8 29769.6 37089.3   9042.0     9130
read      395.6   520.9    68.9   123.4   146.3   325.1   409.4   458.3   496.5   544.9   613.9   755.0  1885.1  5455.2 22668.0  68985.5    69227
read      357.5   549.1    68.9   117.7   136.5   315.1   381.8   421.4   453.1   491.7   541.7   629.7  1189.8  9519.1 20241.6  37511.5    37496
read      413.1   654.8    63.8   126.8   151.8   345.0   425.0   470.3   506.4   556.5   635.5   765.1  1472.9  7944.4 30605.7  83889.5    83925
read      353.3   250.5    68.9   123.1   144.0   328.3   406.0   447.2   476.9   513.7   563.0   643.6   959.8  2100.3  9184.2  50994.5    51037
read      341.3   296.7    68.9   116.2   134.7   311.9   376.8   416.7   449.3   488.7   538.3   627.6  1100.1  3197.1  8670.4  33682.5    33690
read      346.0   372.9    68.9   118.7   138.6   312.7   385.3   424.0   452.7   488.1   536.3   617.7  1191.8  3543.5 12285.5  51353.0    51474
read      410.8   635.6    68.9   123.2   146.3   341.7   425.0   470.0   504.4   547.7   619.9   774.1  1826.4  8434.1 31565.2  73932.5    73708
read      395.7   685.0    68.9   127.4   153.5   334.2   409.0   453.7   489.0   537.1   610.5   735.4  1134.7 10449.9 30734.8  98279.5    98618
read      385.0   569.7    68.9   122.7   145.5   326.3   402.7   448.3   481.5   526.6   593.9   711.7  1453.3  7472.9 29055.6  81873.5    81977
read      403.1   574.0    63.8   127.9   153.7   342.5   420.4   465.7   502.1   553.1   633.3   762.0  1598.9  8144.9 26440.1  91464.5    91567
read      364.2   332.7    63.8   122.2   143.0   329.8   406.7   449.7   480.8   518.6   569.3   661.3  1218.6  3425.6 10970.7  48126.0    48236
read      356.4   329.4    63.8   124.2   147.8   322.7   399.8   444.3   477.6   521.7   584.7   686.0   909.3  3045.4  8682.2  91640.5    91726
read      354.9   380.3    68.9   124.2   143.9   321.9   396.9   437.0   468.0   505.9   555.9   636.4  1154.2  3430.9 14736.8  52352.5    52458
read      379.0   521.7    63.8   122.0   143.0   315.5   397.6   444.3   478.9   522.1   581.2   684.6  1759.8  5507.0 28588.9  70523.5    70467
read      378.4   434.2    68.9   123.2   145.4   320.6   402.4   451.3   486.8   532.7   596.2   717.0  1683.1  4274.6 12128.6  71457.0    71151
read      386.8   523.1    63.8   124.7   146.5   327.4   407.3   454.0   489.0   533.6   593.3   698.9  1683.1  7301.1 16269.7  65002.0    65016
read      363.8   279.9    68.9   123.2   142.3   327.2   403.4   450.8   487.5   531.9   584.3   670.6  1296.8  3134.2  7658.5  41957.5    42057
read      404.9   656.0    68.9   129.1   150.7   333.4   414.4   463.5   503.0   554.7   630.1   756.9  1843.3  7918.0 31611.9  78935.0    78821
read      360.6   352.9    68.9   123.2   142.0   318.4   395.2   439.1   472.5   516.3   571.7   660.7  1449.0  3755.2  8926.3  61132.5    60720
read      378.9   609.3    68.9   120.9   139.5   316.3   391.5   439.3   477.6   520.3   574.4   678.3  1493.2  8776.4 31068.9  40203.0    39911
read      444.1  1282.1    80.4   134.6   154.1   314.4   375.1   411.6   441.1   480.1   531.4   622.9  4356.9 28430.4 37836.8  10531.0    10628
read      456.4   573.5    68.9   131.8   155.0   350.5   437.0   495.3   544.7   612.6   716.0  1384.4  2033.4  7226.0 22223.7  73505.5    73736
read      417.8  1270.2    80.4   139.3   163.2   298.1   344.2   372.4   394.0   421.0   461.8   538.1  3656.4 21535.3 37246.3   7366.0     7334
read      433.9   622.3    68.9   135.3   161.2   356.6   438.2   488.3   530.0   588.6   680.7   848.0  1816.4  8286.8 30011.3  91627.5    91868
read      355.5   259.5    68.9   127.0   147.0   324.1   403.9   451.1   486.9   531.7   587.3   676.8   874.3  3025.8  7758.2  76875.0    76670
read      404.3   989.6    80.4   134.3   154.9   314.1   369.7   405.5   434.1   471.5   523.0   612.3  2786.0 11210.5 31966.2  10422.5    10405
read      389.2   612.1    74.4   122.1   141.1   312.0   401.4   457.7   495.9   539.6   605.8   824.5  1316.2  8743.0 28504.9  25827.0    26019
read      375.0   351.1    68.9   125.0   144.2   333.2   415.5   462.8   500.0   543.0   597.3   691.3  1366.8  3874.6 12293.3  55786.5    55530
read      363.0   586.0    74.4   119.8   138.2   312.8   390.5   443.0   479.2   518.3   563.0   631.0  1170.1  5490.1 35162.7  29740.0    29615
read      352.7   268.5    68.9   123.9   143.0   318.6   401.5   448.6   483.4   526.0   578.3   654.0   931.5  3068.3  7451.0  66107.0    66057
read      374.7   430.3    68.9   123.7   143.0   328.4   407.7   453.1   488.5   532.2   586.8   678.6  1465.2  5122.6 11925.3  55341.0    55281
read      360.9   465.0    68.9   122.2   141.7   310.4   395.2   442.9   473.0   505.6   546.1   634.5  1177.6  5139.0 16168.1  21270.5    21177
read      381.3   402.9    68.9   129.5   151.1   325.3   400.9   449.3   488.9   541.3   611.9   724.6  1637.4  4655.4 12176.1  88196.5    88239
read      365.6   353.0    68.9   123.0   142.6   314.0   393.2   440.6   476.8   520.8   577.6   673.3  1585.3  4518.7  8548.3  70170.5    70227
read      331.9   436.5    74.4   118.3   135.8   294.0   373.9   419.2   448.7   479.9   515.0   568.7   926.8  5220.3 13610.4  23277.5    23421
read      393.8   620.5    63.8   130.8   153.6   324.6   399.1   447.3   486.6   537.6   608.0   721.1  1556.2  8761.8 29066.0  97054.0    97104
read      424.4  1647.4    86.8   142.0   165.7   277.0   315.0   336.8   353.1   373.5   403.5   474.0  4434.6 32414.4 37871.2   6273.5     6235
read      359.5   386.5    68.9   122.4   141.5   320.4   400.1   445.4   479.3   520.0   570.1   642.3  1159.6  3963.7 13408.6  57615.5    58045
read      358.3   411.2    74.4   121.2   140.3   306.8   390.2   437.8   469.2   504.4   544.9   625.9  1226.6  5458.8 12592.3  23525.0    23729
read      370.3   432.4    63.8   122.8   141.9   323.2   397.1   445.2   483.3   528.6   581.4   670.4  1433.2  4619.6 14652.2  40549.5    40897
read      353.5   348.1    68.9   120.8   140.1   316.1   390.0   434.1   468.5   510.1   560.3   637.1  1316.5  3456.2 10705.9  53434.5    53312
read      413.8   648.8    68.9   133.9   157.7   347.8   428.0   474.8   513.1   565.7   641.1   774.4  1682.1  7066.2 32239.0  87368.0    87262
read      431.0   729.0    74.4   134.2   157.3   348.5   430.6   480.5   521.4   575.5   652.7   787.4  1908.2 10339.1 31427.6  81898.0    81836
read      387.2   539.1    63.8   129.0   150.4   323.7   400.8   448.2   486.2   536.4   605.3   721.4  1631.8  7908.7 21350.2  92394.5    92274
read      367.5   501.4    68.9   122.2   141.6   322.3   397.6   442.8   477.2   520.9   573.1   654.8  1362.2  4656.1 15970.8  47484.0    47252
read      362.9   377.9    63.8   124.6   144.0   319.0   400.5   448.6   484.7   528.1   584.7   681.3  1144.1  3837.8 12834.2  75853.5    75747
read      398.2   566.4    63.8   127.8   149.0   327.1   408.0   457.7   497.5   548.9   621.3   756.9  1726.2  8263.8 30538.9  80926.0    80994
read      418.1   615.1    68.9   135.2   160.2   355.8   440.8   488.3   524.5   573.6   651.2   825.5  1604.9  8184.6 31258.0  98139.5    98224
read      465.6  1574.7    80.4   138.2   160.4   300.0   348.6   376.8   399.0   427.5   465.8   540.9  6348.8 29849.2 52496.5   7857.5     7737
read      359.3   491.9    68.9   119.0   137.4   310.8   384.6   432.5   468.4   510.7   562.6   640.5  1229.2  7379.0 12680.7  37458.0    37514
read      408.1  1114.7    80.4   132.0   151.3   304.8   356.8   388.8   414.9   452.3   504.9   591.2  3179.5 12492.0 35979.9  10443.0    10640
read      440.4   699.8    68.9   133.4   158.0   341.9   420.6   472.3   521.1   584.4   678.1   896.1  2036.0  9771.5 30680.9  90036.0    90490
read      403.2   602.1    68.9   133.2   157.3   339.6   419.0   465.2   501.6   548.7   622.9   753.8  1379.9  8144.4 30438.9  92228.5    92514
read      363.4   335.0    68.9   128.8   149.5   319.8   399.0   446.3   482.5   529.4   592.2   690.7  1002.4  4308.5 12454.7  89458.0    89245
read      403.2   653.3    68.9   128.8   149.6   336.8   421.1   469.5   507.5   557.2   626.0   738.9  1632.0  7828.7 28875.4  73892.0    73823
read      359.5   499.6    68.9   120.7   139.5   317.6   392.9   436.9   472.1   516.1   570.0   642.1  1212.5  5555.9 26714.0  46332.0    46565
read      395.5   732.0    74.4   120.7   139.7   305.1   398.1   449.4   486.8   536.4   633.5   818.7  1812.9  5934.5 35512.8  21560.0    21419
read      359.3   352.3    68.9   124.2   143.5   320.7   400.7   446.5   480.4   521.4   575.2   659.4  1042.6  3807.9  9457.2  66807.0    66915
read      347.2   374.6    68.9   117.6   135.3   305.0   384.1   436.0   471.4   512.0   559.0   635.1  1045.3  4056.8 15467.3  31662.0    31667
read      375.0   451.3    68.9   127.0   146.9   328.9   411.1   459.5   497.4   543.8   604.0   700.8  1077.0  4889.4 14616.0  72070.0    72255
read      388.0   369.9    68.9   136.0   161.4   347.7   426.6   470.6   505.6   551.7   625.1   748.7  1012.2  4789.0 11522.2  99795.0    99535
read      389.6  1017.1    80.4   130.8   153.8   296.4   344.6   376.1   400.8   431.4   472.4   538.9  2744.7 17313.0 36658.2   9096.5     9226
read      381.2   388.8    68.9   122.4   142.3   313.3   393.4   442.8   482.0   531.2   596.1   789.0  1741.7  3462.1 13280.7  67937.0    67844
read      356.3   290.1    63.8   118.1   139.2   321.4   400.6   446.4   480.7   523.9   581.2   682.7  1058.1  2894.7  7769.2  71135.5    71413
read      385.7   511.2    68.9   125.9   150.8   332.0   409.3   453.4   487.4   532.1   600.1   722.1  1072.8  6817.2 19173.2  97423.5    97328
read      354.8   383.1    68.9   118.5   139.0   317.2   393.4   433.4   463.2   499.9   548.2   632.7  1269.5  3571.6 12894.0  55341.5    55113
read      356.0   436.5    68.9   119.1   139.1   317.3   392.6   431.6   461.2   497.5   544.0   624.9  1130.1  5059.0 16979.2  53659.5    53743
read      433.0  1053.7    68.9   113.8   132.1   305.0   387.2   451.9   505.0   565.8   637.2   738.4  2958.5 14427.2 31900.3  15358.5    15253
read      433.6   669.3    63.8   130.8   157.9   346.9   425.0   474.8   516.2   574.6   659.4   828.7  1973.2  8483.6 30105.2  90197.5    90605
read      363.7   232.7    74.4   126.8   146.8   333.0   407.2   454.0   488.9   530.1   583.2   674.9  1143.1  2011.5  5949.0  25756.0    25767
read      677.6   668.6    74.4   290.0   381.8   595.4   657.9   700.9   751.9   912.5  1082.6  1224.8  1620.9  8053.7 31800.3  93029.0    93458
read      408.2   414.4    68.9   131.5   158.9   363.8   449.3   495.4   531.0   579.5   666.8   835.6  1162.3  3494.6 16245.1  95312.5    95080
read      398.5   573.1    68.9   127.1   151.7   331.9   411.5   458.9   497.0   546.9   621.6   749.7  1726.9  6593.6 26772.7  88835.5    88399
read      428.0   708.7    68.9   132.8   161.4   354.4   432.9   478.9   516.8   569.9   646.0   790.4  1428.5 11151.0 31203.3  95638.5    95681
read      330.8   265.2    68.9   115.9   133.4   297.0   371.5   422.0   458.7   498.5   543.4   607.2   985.7  2178.8  9272.6  33142.0    33003
read      397.3   637.4    68.9   133.7   158.9   334.3   407.2   452.0   489.7   541.5   611.5   720.9  1018.4  8732.2 27096.7  98345.5    98809
read      390.0   580.0    68.9   128.1   149.0   333.2   418.1   467.9   505.1   549.7   610.2   716.3  1562.1  5509.2 31200.7  64720.5    64610
read      349.9   238.6    68.9   128.8   149.0   329.7   403.4   447.5   481.3   521.6   571.0   639.6   808.2  1411.5  7415.2  51084.5    51183
read      465.9  1226.8    74.4   120.1   140.7   311.1   393.6   447.6   492.6   558.6   703.7   888.1  3734.0 16961.8 36780.7  20280.5    20194
read      478.0  1527.3    68.9   121.4   146.9   293.2   346.0   378.4   400.8   429.3   473.1   580.4  5672.5 30857.7 38684.7   7534.0     7602
read      365.5   478.7    68.9   121.3   141.1   317.4   390.9   431.9   464.3   503.4   556.2   660.4  1456.1  6632.8 19296.8  46846.0    46677
read      408.0  1541.8    68.9   124.9   150.0   264.5   307.4   330.6   346.7   370.3   401.3   480.3  3973.2 31525.9 37305.9   5608.0     5577
read      387.7   935.1    68.9   114.0   131.6   287.4   357.4   403.9   441.8   487.3   556.9   776.5  2221.2  7177.6 32270.9  23142.5    23035
read      369.1   467.9    63.8   117.7   137.1   306.9   382.7   425.2   458.3   500.2   556.9   693.1  1757.9  4960.2 17915.6  57554.5    57516
read      355.0   370.3    68.9   119.6   139.9   311.5   389.4   430.3   460.3   497.3   547.4   634.1  1574.8  3546.3 18264.9  62605.0    62851
read      348.8   502.1    68.9   115.6   134.2   311.8   375.4   414.6   445.3   482.1   530.5   613.6  1186.9  6780.3 30742.4  38490.0    38431
read      328.9   283.7    68.9   112.9   130.2   297.2   357.6   396.6   428.0   464.5   508.0   581.8  1051.4  3860.1  9450.1  25618.0    25729
read      392.4   823.3    68.9   112.8   131.0   292.4   367.4   419.0   461.0   516.4   616.6   776.9  1723.7 11026.4 30180.4  19457.0    19443
read      408.9   684.8    68.9   116.2   134.3   305.4   409.0   486.0   553.3   628.0   708.3   807.9  1854.1  6959.7 31969.8  19602.5    19461
read      448.1   765.9    63.8   120.0   140.1   313.7   398.8   460.0   515.7   596.7   828.8  1244.1  2608.1  6196.1 35496.0  42368.0    42341
read      393.0  1347.3    74.4   126.7   153.3   271.5   309.5   330.8   345.9   366.9   396.5   460.8  3564.5 29772.0 36304.3   5807.5     5691
read      344.4   541.4    63.8   115.1   132.5   296.6   363.1   402.2   435.2   478.0   532.7   640.2  1294.4  4936.0 30102.2  40057.5    40223
read      343.2   504.4    63.8   116.9   134.7   303.1   367.2   409.6   444.1   483.9   532.7   614.4  1047.0  4348.4 23897.1  30026.0    29941
read      342.9   538.4    68.9   115.8   133.5   300.2   371.5   418.0   453.7   495.8   544.0   611.1  1019.5  7126.2 18636.4  41213.5    41162
read      360.1   333.7    68.9   122.4   141.8   323.5   397.3   443.3   478.6   523.5   577.7   659.4  1237.4  3321.4 11140.6  43860.0    43863
read      390.5   735.6    68.9   121.3   140.0   307.6   392.4   438.2   469.6   507.8   573.0   762.1  1971.6  9112.6 35648.4  20354.0    20318
read      431.9   661.2    63.8   131.1   158.4   337.0   417.0   470.7   518.4   580.2   660.8   813.3  2282.2  7935.1 30552.1  93207.0    93421
read      357.5   498.9    68.9   119.3   138.0   312.9   385.9   428.9   463.2   505.2   556.9   635.4  1366.4  5483.5 18489.4  48473.0    48578
read      319.2   231.0    68.9   113.7   131.5   299.3   363.1   399.5   428.3   465.2   509.6   578.8   858.5  1838.9  9285.2  40367.5    40595
read      384.3   656.4    68.9   107.8   124.4   293.6   390.3   468.8   524.4   581.2   648.5   742.0  2007.4  6815.8 30982.8  17796.0    17677
read      442.0   666.1    63.8   125.5   150.3   342.5   424.6   474.3   514.8   572.4   667.4   907.5  2439.0  8451.0 28871.6  78935.5    78948
read      417.6  1500.5    74.4   110.9   129.7   285.1   339.1   372.3   399.2   431.6   470.6   535.9  3131.6 27741.4 40481.9   9673.0     9703
read      463.4  1479.7    68.9   111.7   131.3   295.0   356.8   394.3   421.8   454.7   496.5   582.6  5973.2 29120.3 36569.2   9729.5     9686
read      443.0  1434.0    80.4   132.1   156.5   297.5   346.1   373.6   395.0   420.8   456.6   530.5  4781.5 30495.7 37182.0   8052.0     7968
read      426.3   950.2    74.4   120.9   140.1   318.1   410.7   479.1   527.8   577.5   634.1   724.9  2982.4  8633.6 36823.3  15842.0    15830
read      483.8  1681.5    74.4   129.9   151.8   295.5   345.3   375.5   399.8   427.6   466.4   542.8  6329.3 31357.0 32475.3   8251.5     8192
read      408.7   547.9    63.8   122.6   145.1   319.4   403.1   455.5   497.9   552.3   633.1   860.5  2134.5  5873.8 20789.3  79105.0    79410
read      386.3   444.3    63.8   121.4   142.9   317.2   398.1   449.5   489.9   541.0   611.2   774.6  1797.0  4740.5 15869.7  76647.0    76582
read      371.7   612.6    68.9   118.5   138.4   318.5   395.8   437.5   469.8   509.8   562.5   661.9  1393.8  6869.5 31275.0  54444.5    54634
read      356.5   450.5    68.9   118.9   138.6   304.6   379.1   422.8   455.2   496.2   552.8   654.2  1596.3  4303.2 17085.8  71867.0    72177
read      413.0  1065.8    68.9   108.1   124.2   292.3   372.8   436.4   486.5   538.9   600.3   704.4  3124.8 13255.8 33780.7  15171.0    15101
read      431.9  1614.0    74.4   113.7   136.8   281.2   330.1   360.0   381.7   406.0   444.7   521.5  4586.1 31684.8 48469.5   8219.5     8167
read      369.4   746.5    68.9   115.0   133.3   305.7   373.5   412.2   442.5   481.3   534.1   645.6  1382.3 11016.0 31360.4  43814.0    44130
read      346.4   359.0    68.9   120.0   139.5   309.5   382.2   422.1   451.6   487.8   536.6   620.5  1241.0  3755.8 10099.1  53040.0    53047
read      389.7   561.0    63.8   125.8   150.4   321.1   394.9   440.3   477.8   528.6   602.7   734.5  1745.1  7545.3 18678.7  97126.0    97171
read      401.2   540.6    68.9   124.1   147.3   327.8   409.4   459.3   497.5   547.2   624.2   769.1  2053.6  6028.6 23617.6  80815.0    81360
read      349.2   321.4    68.9   119.9   140.7   308.7   385.8   430.9   464.1   504.8   561.2   651.9  1120.2  3866.5  8929.9  77022.5    77277
read      351.9   353.8    68.9   120.0   138.3   319.1   386.4   426.3   459.2   499.2   548.3   636.8  1288.5  3014.4 11175.0  38276.0    38294
read      408.1  1125.7    68.9   112.4   131.9   295.4   355.1   395.2   428.6   467.4   516.7   599.2  4071.1 24239.8 35818.9  11302.5    11165
read      429.6   575.7    63.8   123.5   147.4   332.4   415.7   465.6   505.4   561.0   654.0   948.6  2481.5  6704.0 18352.6  73891.0    74155
read      402.6  1037.9    68.9   111.9   130.2   298.7   363.0   407.0   444.1   486.2   537.3   630.6  3147.5 12015.8 35616.7  12381.5    12255
read      375.0   511.4    63.8   118.7   139.1   318.0   397.2   440.3   473.4   515.6   572.5   707.6  1559.0  5847.2 24874.2  52469.5    52404
read      397.4   832.6    63.8   110.8   127.9   299.1   385.5   451.9   510.7   579.6   658.5   760.2  1860.8  9710.5 36582.8  16857.0    17057
read      462.5  1781.2    74.4   125.2   148.4   259.0   299.7   321.9   341.2   365.9   401.8   584.7  6564.7 32169.9 37597.4   6029.5     6005
read      447.9   679.0    68.9   126.7   152.1   331.8   416.2   472.9   522.4   589.3   692.7  1230.7  2447.2  8155.7 30384.9  85478.5    85707
read      370.7   439.5    68.9   121.2   142.8   316.7   395.4   440.4   474.7   520.0   583.3   693.5  1530.0  6240.1 11740.3  79578.5    79742
read      372.8   355.3    68.9   125.2   145.9   323.8   405.0   451.5   485.1   527.2   583.8   687.0  1588.0  3983.5  9996.2  58526.0    58322
read      346.6   598.8    68.9   117.8   134.7   297.7   363.5   405.8   440.4   476.9   521.7   596.0  1176.7  5951.1 31656.7  26204.5    26212
read      368.0   364.6    63.8   121.6   142.9   310.7   392.9   441.6   478.4   524.3   581.9   692.1  1696.3  3688.5  9408.4  69235.0    69487
read      337.4   327.3    74.4   116.4   134.1   295.9   371.7   421.4   456.3   494.0   538.9   617.8  1096.2  3719.7 11997.9  29392.0    29507
read      346.4   446.4    68.9   118.1   136.2   303.6   373.6   415.8   448.5   488.7   538.9   614.3  1268.8  6693.0 11040.6  51148.0    51412
read      369.0   465.3    63.8   121.3   142.0   314.2   393.7   440.0   475.0   518.0   573.0   666.9  1619.8  6551.9 12873.4  67217.5    67374
read      354.5   408.9    68.9   121.7   141.4   313.4   388.6   430.5   462.4   502.4   553.7   631.6  1405.6  5282.8  8353.5  55063.0    55125
read      368.4   566.6    68.9   122.1   142.1   319.4   395.6   438.3   470.7   512.0   566.1   643.5  1303.8  6678.9 30225.1  52944.0    53048
read      410.2  1085.8    74.4   127.3   147.4   319.1   390.4   437.7   472.3   512.0   561.0   635.0  1914.0 11756.2 35645.3  12229.0    12192
read      349.6   265.4    68.9   120.4   139.2   315.2   387.7   433.3   469.2   511.1   563.1   649.8  1204.4  2308.2 12058.1  36376.5    36138
read      374.4   393.5    68.9   123.9   144.4   321.1   401.3   448.1   484.3   528.8   587.0   703.3  1657.6  3809.5 12106.4  60379.5    60799
read      325.3   260.4    68.9   115.7   133.1   296.4   366.0   410.3   446.8   487.7   532.8   591.9   910.2  2939.3  8108.1  36289.0    36368
read      332.8   266.8    68.9   116.8   134.4   296.9   365.8   410.9   448.0   491.2   539.0   607.1  1108.3  3875.2  7039.0  39453.5    39729
read      412.6   628.4    68.9   131.4   157.4   343.8   418.5   464.2   503.2   558.3   637.8   770.0  1658.1  8853.0 30075.1  95447.5    95693
read      353.9   324.7    68.9   118.9   136.9   311.8   383.1   429.1   466.2   509.3   561.8   642.7  1374.0  4663.5  6445.6  41136.5    40999
read      389.4   583.9    68.9   123.1   144.2   321.3   404.1   452.7   489.6   533.5   590.5   698.4  1836.8  7399.1 30009.3  65237.0    65037
read      403.1   842.0    74.4   127.7   145.8   323.4   400.8   452.2   489.7   528.8   574.8   640.4  2091.1  6783.0 36521.8  12583.5    12633
read      357.6   370.6    68.9   122.3   142.1   320.3   396.7   438.8   471.8   511.2   562.3   637.9  1235.6  4204.1  8797.9  49838.0    50117
read      361.4   364.4    68.9   122.4   143.1   318.1   396.5   441.8   475.4   517.6   571.4   661.2  1448.6  4276.7 12569.6  62667.0    62765
read      459.8  1176.2    74.4   124.2   143.9   316.8   386.3   433.7   468.6   511.4   565.1   656.2  4658.4 12382.0 31919.1  12558.0    12379
read      372.2   567.2    68.9   121.8   141.9   317.6   394.2   438.5   472.9   514.5   568.0   655.7  1384.1  8417.9 24343.1  49290.5    49369
read      339.4   360.0    68.9   116.8   134.5   303.8   373.1   417.0   451.6   492.2   539.8   608.8  1062.0  4507.1  9943.7  39254.0    39111
read      343.3   360.9    68.9   119.0   138.0   308.8   383.0   425.8   457.8   496.9   546.6   623.3  1160.7  3062.7  8077.0  52578.5    52692
read      330.9   344.0    68.9   117.9   135.5   294.3   372.0   418.5   449.9   482.3   520.2   578.3   981.6  4970.0 15191.0  24477.5    24539
read      359.9   468.4    68.9   121.2   141.1   316.2   394.0   437.2   470.3   511.8   563.8   637.2  1078.2  5221.1 24565.8  61551.5    61591
read      364.7   600.8    68.9   120.3   139.7   313.1   386.2   429.1   462.6   504.1   555.6   637.5  1311.4  6372.8 28327.0  48053.5    47864
read      445.3  1106.9    68.9   122.8   141.8   323.2   412.7   474.7   525.6   584.6   653.0   759.1  2832.7 14413.7 35605.9  16585.5    16479
read      440.2   832.2    68.9   123.5   146.9   330.4   407.9   459.3   501.5   558.5   649.0  1007.2  2098.6  9273.0 31514.8  75279.0    75268
read      414.4  1492.6    74.4   115.0   136.7   283.7   333.0   364.9   390.1   420.2   460.5   524.7  3294.9 30902.1 36709.2   8733.0     8714
read      466.8  1465.5    68.9   110.0   127.6   296.1   372.4   427.7   470.3   512.5   567.4   668.5  4464.4 28368.8 32240.4  12957.0    13002
read      454.8   625.2    68.9   128.1   155.2   343.2   428.3   483.8   529.0   595.3   707.4  1317.3  2541.2  6405.0 30221.5  76906.5    77147
read      355.4   359.1    68.9   121.6   142.0   322.0   396.2   436.8   467.8   505.2   552.8   637.2  1172.7  3020.4 12205.0  43574.5    43518
read      339.5   239.1    63.8   117.6   136.1   305.2   382.8   432.3   466.3   505.0   547.4   620.8  1097.7  2638.4  5821.6  27261.5    27206
read      349.8   281.2    68.9   119.4   138.7   310.6   385.2   429.5   463.9   505.7   557.8   636.9  1396.5  3374.2  5943.2  55887.5    55859
read      350.4   315.9    68.9   118.6   137.5   310.1   385.1   434.0   471.8   516.1   570.4   651.0  1180.5  3062.5 12630.3  37460.0    37448
read      343.3   250.5    68.9   120.4   139.7   318.6   390.4   433.7   467.9   509.3   559.5   631.7   910.1  2025.0  7986.7  45057.5    45026
read      399.5   583.6    68.9   128.0   153.5   336.8   415.1   460.1   496.3   545.8   621.3   750.6  1377.3  7248.0 20062.3  99283.0    99974
read      362.5   372.8    63.8   120.9   142.2   317.6   398.7   445.2   478.7   520.0   575.1   669.8  1410.3  3828.1 14553.5  64584.0    64632
read      361.8   338.6    68.9   122.6   143.3   323.4   399.7   442.3   473.6   512.6   564.5   647.2  1196.2  4663.3 11226.6  49134.5    49061
read      379.6   437.6    68.9   120.5   142.4   315.5   394.8   443.1   481.5   531.3   599.6   741.5  1807.7  3865.1 17556.2  80060.0    80418
read      420.1  1163.9    63.8   115.0   133.1   291.9   364.2   410.6   449.6   501.4   573.8   689.6  3042.1 13917.7 36732.5  16425.5    16471
read      376.2   500.0    68.9   117.6   136.8   306.5   379.1   427.9   467.2   517.0   592.1   845.4  1498.9  7390.7 15578.7  35737.5    35694
read      380.9   798.1    68.9   114.0   131.5   297.1   371.8   428.5   474.7   521.4   576.5   661.1  1929.1  6934.7 32046.7  13964.0    13935
read      362.8   423.5    68.9   118.6   140.3   311.6   386.4   431.7   466.4   510.2   575.5   678.7  1477.6  4465.8 12155.4  79871.0    79838
read      348.2   329.0    68.9   120.6   141.0   316.1   390.2   430.2   459.9   496.1   543.2   624.4  1048.1  2971.5 10201.4  48834.5    48842
read      394.3   827.8    68.9   113.8   132.1   295.1   385.4   453.8   510.1   572.6   643.0   741.6  1662.4  7766.4 38298.9  17610.0    17708
read      373.9   549.7    68.9   119.8   138.9   309.6   382.9   430.7   469.8   517.4   584.3   787.0  1282.7  6268.3 30793.6  31550.5    31401
read      367.7   455.6    68.9   120.2   140.8   320.2   400.3   447.5   482.5   525.5   581.5   677.7  1387.4  4065.3 19865.9  62074.5    62091
read      398.8   679.2    68.9   124.0   147.2   326.4   403.5   451.0   489.6   540.3   612.2   728.8  1697.8  8800.2 31335.9  86789.5    87121
read      395.2   629.4    68.9   123.4   145.9   323.5   402.0   449.7   488.3   540.0   614.5   751.0  1714.2  7379.5 30692.3  82028.0    81929
read      349.3   259.3    68.9   120.0   139.9   319.9   393.4   436.5   470.9   512.2   564.3   640.4  1138.1  2527.6  8486.0  42009.0    42013
read      402.8   622.3    68.9   125.1   148.9   327.4   403.3   452.5   491.3   542.2   616.2   750.1  1800.6  9245.7 30479.4  90632.5    90709
read      347.0   318.5    68.9   117.4   138.1   313.1   390.1   432.6   464.1   501.7   551.9   637.6   925.4  4035.3 11280.3  67662.0    67578
read      372.6   530.5    68.9   121.2   142.4   322.3   400.8   443.7   474.4   512.7   565.3   659.8  1434.7  6230.7 24582.8  57925.5    58116
read      374.0   500.6    68.9   118.6   139.4   317.1   399.7   446.0   479.9   522.7   581.6   698.2  1541.2  6579.8 28021.4  68770.5    68886
read      400.9   633.0    68.9   124.2   148.9   329.4   405.0   451.2   486.9   536.9   617.4   767.9  1705.3  8604.7 30338.6  93039.5    93119
read      412.1   752.3    63.8   125.6   151.5   331.5   407.5   455.5   495.2   548.9   632.3   772.9  1681.5 11809.4 31830.5  95232.5    95079
read      412.3   596.7    68.9   124.9   148.9   336.8   418.9   468.0   507.8   560.7   635.5   778.9  2474.2  5977.1 30380.3  77293.0    77456
read      407.2   822.4    68.9   119.0   138.0   319.5   397.1   448.7   489.4   537.2   598.2   710.1  2695.3  8658.2 32185.1  15630.0    15723
read      418.5  1126.7    74.4   124.6   146.8   308.6   371.6   407.8   433.3   464.6   503.8   581.2  3193.2 11139.2 37981.5   9851.0     9867
read      365.8   915.4    74.4   132.0   156.7   286.6   327.4   350.1   369.0   391.6   422.3   479.4  2415.0  8108.7 31730.3   8238.0     8176
read      349.2   249.9    63.8   121.5   144.3   314.0   389.2   434.0   470.4   518.7   582.0   677.6   936.2  2061.3  9175.3  89050.5    89745
read      264.3   313.0    68.9   118.2   132.8   253.4   290.8   310.4   323.7   340.6   363.3   400.9   516.2  4277.2 11865.8  11053.0    11058
read      332.5   183.6    63.8   119.5   140.7   306.3   380.7   424.8   457.6   497.7   551.7   643.7   823.6  1149.4  4220.2  80877.0    81413
read      295.1   196.4    68.9   114.7   132.4   277.6   333.3   368.3   394.6   426.3   466.1   520.6   636.7  1610.4  8103.2  21489.0    21659
read      305.1   255.5    68.9   116.6   135.1   286.7   340.9   376.9   406.1   441.7   484.4   542.7   689.6  1566.2 12823.5  26929.0    27181
read      284.7   236.2    68.9   115.7   133.0   270.6   320.5   350.0   372.2   398.6   432.1   485.7   593.2  1640.8 14086.5  17537.0    17420
read      300.8   195.1    68.9   114.8   132.5   282.1   338.7   374.6   403.4   439.3   481.0   540.3   685.4  1565.8  7654.0  23046.5    23028
read      312.3   206.8    68.9   115.2   133.3   293.9   352.8   391.8   421.8   458.4   502.8   569.3   744.5  1403.5  8301.4  33754.5    33694
read      318.9   260.4    68.9   114.9   133.2   299.1   362.0   400.1   430.3   466.1   511.8   577.9   739.6  1590.4 12191.6  32708.5    32735
read      326.6   195.0    63.8   118.9   139.6   306.8   378.5   419.4   449.4   484.3   528.0   592.7   783.2  1036.5  6542.2  57646.0    57645
read      325.1   249.7    68.9   117.1   136.9   306.4   372.9   411.3   440.8   475.8   520.0   586.8   787.9  1124.2 13050.5  45439.0    45216
read      331.4   201.7    63.8   120.3   141.2   311.9   386.7   427.5   456.6   491.4   536.4   601.1   794.6  1015.0  8009.0  57553.5    57659
read      341.7   212.0    63.8   119.9   142.2   314.8   391.3   435.5   468.0   509.2   569.9   668.8   854.4  1161.4  7605.5  85409.0    85443
read      281.3   225.8    68.9   118.1   136.1   269.0   318.1   344.0   364.8   389.4   420.7   468.1   577.3  1594.7 10821.8  14598.5    14390
read      309.2   175.5    68.9   115.6   133.7   294.4   352.6   389.9   419.2   453.9   495.9   556.7   700.0  1427.7  7650.9  31195.5    31520
read      335.8   195.0    68.9   120.5   141.9   312.6   389.2   432.5   464.4   501.7   547.8   625.2   803.9  1149.2  7629.5  66906.0    67089
read      286.5   208.1    68.9   121.0   139.0   275.9   327.2   354.9   374.0   398.2   427.6   470.1   571.0  1593.5  8077.9  16523.0    16537
read      291.1   179.4    63.8   118.3   136.4   279.5   335.2   366.8   389.4   415.4   448.1   496.1   590.8  1537.6  8208.2  18940.0    18930
read      325.5   179.1    68.9   121.0   140.8   308.8   377.7   415.9   445.2   481.5   527.8   591.9   760.4  1035.7  5402.6  46668.0    46784
read      328.1   182.3    63.8   120.5   142.8   303.2   373.1   415.5   448.5   489.8   547.0   635.1   793.8  1087.3  4293.5  93186.5    93102
read      337.9   193.1    63.8   122.3   144.8   310.5   385.7   429.3   462.8   504.6   563.4   658.8   839.2  1188.3  4976.0  90072.5    89799
read      333.2   189.1    63.8   120.9   141.3   313.2   387.6   432.1   465.5   504.2   550.2   617.4   747.0  1366.8  5301.8  66582.0    66551
read      342.5   218.9    63.8   125.1   147.0   314.2   389.1   435.0   470.3   513.7   572.9   660.0   829.9  1107.4  8391.0  93398.5    93104
read      330.1   185.4    68.9   119.6   139.1   312.0   383.2   426.3   458.9   497.2   542.4   606.3   744.7  1151.6  4539.4  43941.0    43768
read      324.8   216.3    63.8   119.0   138.9   307.5   377.8   418.4   448.1   483.4   527.5   587.1   714.1  1230.6  9618.3  54178.5    54006
read      332.8   227.7    63.8   119.6   140.2   312.0   388.3   429.8   461.0   498.0   543.1   608.8   751.3  1393.3  8815.2  64468.0    64618
read      345.0   220.0    68.9   124.3   146.8   316.9   391.7   437.0   471.9   516.3   576.9   668.9   847.2  1209.1  8418.1  86433.5    86482
read      327.4   189.2    63.8   117.9   138.5   304.3   379.5   423.1   455.8   495.9   547.8   623.4   777.1   995.7  6593.3  77442.0    77459
read      334.8   209.9    63.8   121.1   142.1   314.7   389.8   432.0   463.8   501.1   547.1   615.4   766.0  1236.7  8068.6  61169.5    61365
read      321.1   172.6    68.9   119.5   138.8   306.5   374.7   413.7   443.2   477.8   521.1   582.1   721.2  1255.3  3988.3  52429.5    52346
read      342.5   198.6    63.8   122.7   144.8   315.9   391.6   436.0   471.0   514.6   573.6   664.7   838.1  1131.4  4867.5  86883.5    87286
read      279.9   246.0    63.8   114.4   130.6   269.8   321.5   349.1   370.0   394.0   426.0   473.4   569.8  1590.9  9886.9  17410.0    17384
read      332.7   186.9    63.8   121.0   144.0   304.7   378.9   423.3   456.9   497.7   554.1   647.6   832.7  1087.8  4061.9  98205.0    98165
read      338.6   205.5    63.8   121.7   143.5   316.3   392.4   435.2   466.6   503.4   550.5   625.7   812.1  1099.8  8356.1  63340.0    63330
read      263.5   433.3    74.4   125.7   145.3   226.4   258.3   278.3   293.6   313.2   341.8   399.0   582.5  7972.7 12863.0   5828.5     5866
read      318.6   279.2    68.9   115.6   133.8   300.6   363.4   399.2   428.5   463.7   507.5   573.6   744.1  1540.1 12817.6  37565.5    37693
read      329.7   181.9    59.1   117.6   138.6   305.5   381.1   424.7   456.9   495.6   544.8   625.3   811.3  1056.8  4453.4  75216.5    75360
read      319.2   259.8    68.9   115.8   134.0   301.9   363.3   402.0   431.0   466.3   509.2   576.0   740.5  1333.3 12042.6  34563.5    34753
read      326.0   212.2    63.8   118.8   139.6   307.0   379.8   419.7   448.0   481.2   525.4   589.7   766.9  1004.0  7534.3  60053.5    59823
read      329.2   255.5    63.8   117.1   137.8   302.2   375.7   419.6   450.7   486.9   534.5   607.7   831.9  1922.6  9456.0  67934.0    68266
read      319.6   207.0    63.8   116.5   135.7   303.9   366.8   403.8   432.6   468.5   511.3   576.6   747.8  1398.7  8033.5  39381.5    39383
read      329.7   208.7    68.9   120.2   140.9   306.3   380.8   423.0   453.6   489.6   535.4   607.8   795.7  1322.6  7934.3  65097.5    65072
read      310.2   202.3    68.9   117.2   134.7   294.9   351.0   387.3   415.2   450.7   494.6   557.9   729.4  1518.0  7814.2  33085.0    33192
read      320.7   195.0    63.8   120.1   140.2   303.6   370.6   408.7   437.0   470.2   512.4   579.1   769.8  1014.4  5097.0  51266.0    51847
read      339.5   259.5    68.9   126.9   147.6   316.1   393.5   436.4   466.4   501.9   545.7   616.3   796.4  1127.5 10083.0  62238.5    62362
read      339.2   213.4    63.8   123.0   144.8   311.2   387.3   430.9   464.0   504.4   561.4   657.4   850.5  1122.6  8249.8  84053.5    84073
read      340.0   225.4    68.9   126.3   147.6   318.6   395.5   437.9   469.1   507.3   555.5   625.1   790.1  1088.1  8197.0  64556.0    64213
read      316.7   209.6    68.9   123.3   141.3   298.4   362.1   400.5   431.2   467.4   509.6   568.3   692.8  1541.2  9070.4  27033.5    27059
read      340.4   220.0    68.9   126.5   147.6   319.7   395.3   436.1   467.7   504.8   550.5   621.6   798.2  1344.4  7324.1  54501.5    54703
read      332.7   222.5    59.1   123.9   145.8   304.9   378.2   422.0   455.4   496.4   549.2   635.4   807.2  1096.7  8495.6  98578.5    98366
read      315.0   219.0    68.9   121.8   140.5   296.9   358.8   396.3   425.9   461.7   503.0   558.9   687.9  1567.7 10473.0  29635.5    29565
read      336.6   238.8    63.8   120.0   141.0   309.6   386.3   431.0   463.9   503.5   558.7   642.9   845.4  1156.3  7548.4  74598.0    75000
read      330.9   203.4    63.8   121.7   142.5   308.2   382.7   423.4   453.3   490.3   538.0   608.9   812.8  1135.6  5513.6  62200.0    62235
read      322.3   199.8    68.9   121.2   140.9   305.0   370.7   408.2   436.1   470.9   516.4   585.0   775.5  1144.0  7781.6  47792.5    47788
read      330.6   205.4    63.8   119.6   141.0   309.0   382.8   424.9   455.5   492.1   538.6   610.5   788.5  1068.1  7791.0  68661.5    68928
read      306.7   252.3    68.9   115.5   133.3   288.1   346.8   384.1   413.4   449.1   493.2   551.6   717.1  2041.8  8296.4  36378.5    36478
read      330.4   237.9    63.8   117.9   138.0   305.2   380.6   424.6   458.5   499.3   550.7   625.3   781.5  1140.3  9408.2  76064.5    76067
read      321.6   202.7    63.8   116.6   135.8   304.2   373.7   413.9   444.7   482.5   529.2   591.8   737.6  1313.4  5367.8  47091.0    47020
read      341.0   218.4    63.8   121.8   142.6   314.1   391.0   436.4   470.7   514.8   572.2   659.8   837.6  1209.9  8060.7  81951.5    81656
read      310.1   274.3    68.9   125.1   144.8   300.2   359.3   388.3   407.2   430.3   459.4   502.9   604.1  3234.5 12182.9  16491.0    16396
read      317.6   295.2    68.9   121.2   140.7   296.4   368.9   406.3   431.8   460.0   493.5   540.7   653.7  2854.6 12734.8  21623.0    21661
read      329.6   258.1    68.9   118.4   138.1   308.6   378.5   418.4   447.2   482.1   527.5   593.5   793.1  1761.7  9492.1  50113.0    50156
read      319.5   203.0    63.8   116.6   136.4   301.4   370.0   408.5   436.7   469.9   514.6   581.7   773.2  1084.0  5922.8  54041.5    54102
read      338.3   209.0    68.9   120.8   141.8   314.4   390.0   433.5   464.9   503.0   552.5   633.7   841.0  1098.8  7677.4  65633.5    65670
read      286.7   212.0    74.4   116.7   134.0   273.6   324.3   353.2   375.4   401.1   434.9   484.4   596.4  3355.6  8450.0  17613.0    17584
read      312.2   244.9    68.9   115.3   133.5   293.9   351.5   388.8   418.3   454.1   498.3   557.5   727.0  1557.1 10254.1  29993.5    30347
read      300.4   259.1    68.9   118.7   136.8   282.9   339.2   373.0   397.9   427.8   464.2   514.0   627.6  2049.0  9041.7  21425.5    21534
read      273.4   334.9    74.4   121.2   137.9   257.2   295.0   314.8   329.2   345.5   371.1   414.6   552.8  5450.7 12906.4  10148.0    10216
read      348.0   244.9    68.9   121.3   143.1   319.4   398.3   442.6   475.5   517.9   578.2   678.5   873.5  1533.7 10770.8  80530.0    80544
read      328.1   242.4    68.9   121.2   140.8   312.3   379.1   417.0   445.7   481.0   525.1   587.2   741.8  1173.6 12161.5  45768.0    45508
read      286.5   210.1    68.9   117.1   134.1   271.1   328.0   360.6   384.1   411.6   444.8   492.5   593.2  1523.8 11645.4  21770.5    21591
read      269.4   203.5    68.9   114.5   130.1   261.0   308.4   332.7   349.8   371.2   397.8   438.5   550.9  1585.0  9372.4  15861.0    15435
read      284.3   376.2    68.9   116.4   133.5   268.1   316.4   341.6   360.4   382.3   409.5   454.3   545.0  4201.7 15498.8  14600.5    14502
read      281.1   237.8    63.8   114.1   131.0   267.2   318.9   347.2   368.0   391.2   420.9   467.5   577.5  2943.9 11393.8  16381.5    16369
read      318.8   226.1    68.9   118.9   138.1   306.1   368.8   403.8   430.7   463.5   504.6   563.3   715.6  1012.9  9989.1  41950.0    42077
read      315.5   215.8    68.9   116.9   135.4   299.2   360.5   396.8   425.2   460.2   503.9   571.9   764.1  1052.7  8743.4  38239.0    38334
read      285.3   235.0    68.9   115.1   132.1   270.7   323.8   352.4   373.8   400.8   434.6   483.3   591.2  1702.7 10635.5  17668.5    17694
read      335.1   226.6    63.8   119.2   139.7   309.1   384.9   428.1   459.8   497.9   549.5   637.0   833.1  1399.3  9498.3  74937.0    75056
read      319.2   195.5    68.9   117.8   137.5   300.5   368.4   407.3   435.9   469.9   512.0   579.6   759.5  1057.5  8194.7  53721.5    53845
read      275.2   248.1    68.9   117.6   133.9   265.3   310.7   334.3   350.7   370.0   396.0   434.9   549.7  3056.5  9746.6  13334.0    13319
read      330.1   224.2    63.8   117.5   138.0   303.7   377.3   422.1   455.5   494.9   546.0   629.1   819.6  1471.8  7603.9  77756.5    77808
read      328.0   180.1    68.9   119.7   139.5   312.8   379.9   418.5   447.6   482.6   525.6   589.6   784.9  1158.3  4885.6  44224.5    44423
read      289.1   196.6    68.9   113.1   130.3   274.4   325.8   358.0   383.9   415.9   455.5   508.7   639.4  1569.4  6398.6  25653.5    25669
read      334.3   244.1    63.8   119.2   139.7   312.6   388.1   430.4   460.9   496.6   543.1   616.0   807.7  1154.5  9048.6  66327.0    66463

Total QPS = 50127.9 (45115088 / 900.0s)

Total connections = 64
Misses = 0 (0.0%)
Skipped TXs = 0 (0.0%)

RX 11143426242 bytes :   11.8 MB/s
TX          0 bytes :    0.0 MB/s
Warning! Detected max cpu usage > 95%
CPU Usage Stats (avg/min/max): 99.81%,2.49%,100.00%
