#type       avg     std     min      p5     p10     p50     p67     p75     p80     p85     p90     p95     p99    p999   p9999      QPS   target       ts_start         ts_end
read      349.0   212.9   160.7   212.5   227.2   323.8   377.3   408.5   430.6   455.5   485.9   532.7   655.7  2348.8  8542.0  29913.4    30000  1715443465627  1715443475799
read      351.9   234.9   148.8   211.6   226.5   327.2   383.7   415.3   436.4   460.5   490.2   535.7   656.1  2256.3 11961.0  29985.6    30005  1715443477308  1715443487464
read      350.9   233.3   148.8   211.4   226.3   326.0   380.9   412.0   433.9   459.3   490.1   536.5   662.5  1865.8 10252.5  30003.0    30010  1715443488974  1715443499096
read      354.1   216.2   148.8   212.4   227.3   328.2   384.2   416.0   437.7   463.6   495.7   545.2   708.8  1711.4  8665.9  30010.8    30015  1715443500609  1715443510733
read      355.4   255.5   148.8   214.5   229.6   329.1   383.1   414.0   435.9   461.7   493.4   542.2   683.3  1972.3 10865.4  30026.9    30020  1715443512244  1715443522369
read      373.5   280.6   148.8   218.4   232.8   338.3   396.4   429.1   452.6   479.5   515.0   581.8   835.1  4309.4  9412.6  30035.0    30025  1715443523880  1715443534007
read      379.2   379.9   160.7   216.1   230.2   339.0   401.3   435.7   460.0   487.9   523.1   582.4   795.3  6707.4 13527.1  30041.9    30030  1715443535515  1715443545635
read      373.0   548.1   148.8   210.4   223.8   319.6   374.8   406.4   429.7   457.1   491.6   543.9   770.5  9484.8 18977.5  30000.8    30035  1715443547144  1715443557254
read      370.7   382.8   160.7   212.1   226.1   332.4   393.6   427.0   450.8   477.4   511.4   568.0   735.9  5725.0 13897.7  30143.5    30040  1715443558764  1715443568883
read      382.5   321.9   160.7   214.9   229.6   346.8   413.2   448.7   472.6   500.8   536.3   592.4   784.5  5360.9 12226.9  29961.8    30045  1715443570395  1715443580520
read      361.9   362.4   160.7   211.4   224.9   323.7   379.6   411.6   434.1   461.6   496.2   548.3   723.0  5586.0 12536.4  30105.6    30050  1715443582032  1715443592155
read      374.0   334.6   160.7   216.5   230.9   338.4   399.0   432.2   455.9   482.7   516.1   571.9   753.4  5238.4 11190.6  29940.4    30055  1715443593666  1715443603791
read      354.8   302.3   160.7   212.7   225.8   324.2   379.2   408.5   430.1   455.4   487.1   536.3   684.1  4593.5 12735.0  29968.1    30060  1715443605301  1715443615421
read      392.5   308.9   160.7   217.0   232.6   358.5   425.3   460.5   485.3   513.3   549.8   621.0   829.2  5143.3 10113.6  30101.6    30065  1715443616933  1715443627054
read      349.6   364.5   160.7   211.0   224.3   315.6   364.7   393.1   413.6   437.0   468.2   518.9   686.4  5142.6 13811.4  30065.0    30070  1715443628564  1715443638686
read      355.1   222.9   148.8   212.3   227.4   328.0   384.2   416.7   439.2   464.8   496.7   544.9   713.1  2036.0  9050.8  30036.3    30075  1715443640195  1715443650319
read      348.1   228.5   148.8   211.2   225.8   323.6   378.9   409.8   431.4   455.9   485.4   531.0   648.0  1727.0 10643.7  30142.0    30080  1715443651830  1715443661967
read      353.7   210.0   148.8   213.9   228.6   329.2   386.6   418.4   440.0   464.4   494.6   540.0   673.8  1524.5  8884.7  30059.8    30085  1715443663477  1715443673597
read      350.9   218.8   160.7   214.6   228.9   326.2   383.0   413.9   434.7   458.7   487.4   530.1   644.4  1950.5  8792.9  29973.8    30090  1715443675108  1715443685235
read      350.9   210.6   148.8   213.6   228.2   327.9   383.8   414.4   435.3   459.2   488.1   531.9   645.5  1696.9  8734.4  30115.6    30095  1715443686743  1715443696853
read      351.8   208.6   148.8   213.5   228.0   328.2   384.9   415.7   436.4   460.6   490.1   535.1   654.1  1847.2  8046.8  30138.0    30100  1715443698361  1715443708485
read      349.9   190.5   148.8   213.5   228.0   327.8   384.5   415.1   435.5   459.0   487.4   530.7   639.8  1544.0  7582.5  30156.9    30105  1715443709995  1715443720110
read      346.9   214.3   160.7   212.1   226.8   325.5   377.9   407.2   428.2   451.6   479.4   523.0   630.7  1544.8  8633.0  30106.9    30110  1715443721622  1715443731740
read      352.9   221.7   148.8   212.6   227.5   328.3   384.8   416.5   438.2   463.2   493.7   540.3   670.9  1625.0  9443.2  30143.2    30115  1715443733249  1715443743367
read      350.1   201.9   160.7   211.2   225.9   326.8   383.9   414.9   435.9   460.3   489.8   534.3   654.1  1566.5  8343.9  30025.1    30120  1715443744875  1715443754994
read      352.6   205.6   160.7   214.5   228.9   328.7   383.6   414.7   436.1   460.9   491.6   538.2   671.0  1740.4  8495.5  30075.2    30125  1715443756504  1715443766621
read      346.5   185.7   148.8   211.0   225.6   323.1   378.3   409.0   430.9   455.7   485.6   530.6   645.8  1434.6  7777.6  30191.9    30130  1715443768130  1715443778254
read      345.2   238.7   148.8   211.3   225.8   319.6   373.8   404.5   427.0   452.2   482.4   527.8   639.9  1632.6 10226.1  30141.7    30135  1715443779765  1715443789902
read      345.5   208.8   148.8   209.5   224.6   323.4   376.0   404.9   426.3   450.3   479.4   524.5   640.4  1666.6  9323.4  30177.3    30140  1715443791411  1715443801551
read      356.3   237.0   148.8   212.3   227.4   328.0   382.1   413.8   436.1   462.8   496.6   549.7   747.2  2244.2 10751.1  30141.5    30145  1715443803063  1715443813187
read      351.9   224.5   160.7   211.8   226.7   327.8   384.2   415.6   436.9   462.1   492.6   538.6   668.6  1588.4 10967.8  30156.4    30150  1715443814698  1715443824816
read      351.6   224.6   160.7   212.1   227.1   327.2   382.2   413.8   435.7   461.3   492.3   539.3   672.5  1514.3 10231.4  30170.5    30155  1715443826326  1715443836441
read      349.0   198.9   148.8   210.5   225.3   326.0   383.7   415.0   436.0   460.6   490.3   534.5   648.0  1514.6  8582.5  30104.9    30160  1715443837948  1715443848071
read      348.4   201.5   160.7   210.6   225.4   324.8   380.0   411.3   433.0   457.6   487.5   533.9   662.5  1675.8  8108.9  30153.3    30165  1715443849580  1715443859706
read      350.8   193.9   160.7   214.7   229.0   329.1   384.7   415.2   436.0   460.2   489.2   532.6   642.1  1340.7  8457.6  30154.1    30170  1715443861215  1715443871338
read      350.4   217.1   148.8   210.0   225.2   325.6   381.3   412.6   434.2   459.6   491.0   540.0   680.4  1844.2  9009.6  30128.9    30175  1715443872847  1715443882962
read      348.5   195.8   148.8   210.4   225.3   325.4   382.0   413.1   434.3   458.5   487.7   532.2   640.9  1609.9  8030.1  30152.6    30180  1715443884473  1715443894600
read      354.0   457.8   148.8   208.6   224.1   324.3   382.2   414.8   436.8   462.3   494.2   543.3   672.8  2130.9 15876.7  30244.7    30185  1715443896108  1715443906223
read      351.2   228.7   160.7   214.1   229.8   326.5   381.7   412.8   434.1   458.2   487.4   532.4   653.4  1558.8 10942.5  30115.8    30190  1715443907733  1715443917850
read      352.1   228.1   148.8   210.0   225.1   327.7   386.1   417.3   438.1   461.9   491.4   537.4   660.5  2076.5  9333.9  30135.0    30195  1715443919359  1715443929476
read      349.5   226.7   148.8   208.9   224.2   324.7   380.6   412.0   433.7   458.7   489.1   535.4   661.2  2044.5  8485.1  30310.7    30200  1715443930986  1715443941103
read      350.8   234.8   148.8   210.0   224.9   325.8   383.0   414.5   435.7   459.8   489.0   533.8   657.1  2355.3  9213.0  30185.4    30205  1715443942612  1715443952730
read      350.8   210.8   148.8   211.7   226.4   327.6   385.4   416.8   437.7   461.5   490.3   533.4   646.3  1822.5  9478.0  30154.0    30210  1715443954237  1715443964352
read      349.9   203.0   160.7   213.0   227.5   327.1   383.2   413.8   434.4   458.3   486.9   530.1   643.8  1737.2  8304.6  30204.5    30215  1715443965861  1715443975987
read      349.1   197.5   148.8   212.6   227.2   326.6   382.4   412.9   433.8   457.7   486.5   531.0   644.7  1503.5  8127.3  30294.2    30220  1715443977497  1715443987611
read      339.3   199.7   148.8   208.1   222.4   316.9   368.2   398.2   420.1   444.4   472.2   517.3   632.8  1414.9  8612.0  30297.4    30225  1715443989122  1715443999244
read      351.1   215.8   148.8   212.0   226.8   328.0   383.6   414.2   435.1   459.1   488.0   532.2   654.6  1804.8  8780.3  30183.8    30230  1715444000753  1715444010874
read      347.3   190.3   148.8   213.6   228.1   327.0   379.5   408.6   429.9   453.9   482.4   526.1   635.4  1168.9  8199.7  30255.6    30235  1715444012383  1715444022511
read      350.5   219.7   148.8   211.1   225.8   325.6   382.0   413.7   435.2   459.5   489.4   535.5   662.5  2200.3  8647.4  30194.9    30240  1715444024020  1715444034146
read      346.8   206.8   160.7   211.1   225.6   325.2   380.2   409.9   430.3   453.5   480.7   522.0   630.1  1760.7  8563.6  30221.3    30245  1715444035657  1715444045776
read      348.9   205.7   148.8   211.2   226.0   325.8   381.4   412.0   433.1   457.6   487.5   533.2   644.8  1673.6  8105.0  30208.5    30250  1715444047284  1715444057404
read      350.3   223.2   148.8   210.5   225.4   326.0   382.1   413.2   434.3   458.6   488.2   534.4   661.6  2161.8  8736.4  30158.6    30255  1715444058913  1715444069033
read      345.5   218.3   160.7   209.0   223.6   320.8   375.7   406.9   429.3   454.3   484.3   530.2   645.8  1618.4  9788.7  30279.6    30260  1715444070542  1715444080656
read      345.1   207.4   148.8   211.6   225.8   321.2   375.3   405.7   427.5   451.5   479.8   523.8   636.6  1784.9  8135.9  30284.5    30265  1715444082167  1715444092289
read      346.8   198.2   148.8   209.0   223.9   323.4   379.2   410.6   432.5   457.3   487.2   532.3   641.7  1635.5  8339.2  30241.7    30270  1715444093800  1715444103920
read      345.8   202.7   148.8   208.9   223.7   321.0   373.9   404.4   427.0   452.4   483.5   532.5   675.8  1864.5  8477.1  30252.2    30275  1715444105428  1715444115570
read      350.4   222.6   148.8   211.2   225.9   326.2   383.0   414.2   435.3   459.5   488.9   534.5   655.1  1621.3  9377.9  30328.8    30280  1715444117083  1715444127204
read      347.7   241.6   160.7   210.8   225.3   322.6   378.3   409.0   430.2   454.3   482.9   526.3   638.4  2453.7  9122.6  30164.3    30285  1715444128714  1715444138838
read      346.3   212.5   160.7   212.8   227.0   322.5   377.3   407.0   428.0   451.6   479.4   522.8   636.9  1744.8  8563.4  30226.5    30290  1715444140349  1715444150476
read      349.6   216.7   148.8   211.8   226.4   325.9   382.1   413.0   434.1   458.2   487.2   530.9   643.7  1953.4  8538.4  30350.9    30295  1715444151988  1715444162112
read      349.5   205.5   160.7   211.7   226.6   325.9   382.8   413.7   434.8   458.9   488.4   534.3   649.8  1390.5  8625.3  30349.8    30300  1715444163620  1715444173744
read      346.9   224.4   148.8   211.2   225.8   323.7   379.0   409.2   430.1   453.8   481.9   525.9   634.6  1650.3 10618.6  30325.4    30305  1715444175255  1715444185374
read      340.4   225.4   160.7   210.5   224.5   316.7   368.0   397.1   418.1   441.4   469.3   510.8   626.1  1948.0 10051.9  30323.7    30310  1715444186884  1715444197008
read      347.7   192.4   160.7   211.6   226.3   324.9   381.9   413.2   434.2   457.6   485.9   529.5   640.7  1309.0  8672.0  30179.7    30315  1715444198517  1715444208644
read      350.5   216.9   160.7   215.5   230.3   325.7   381.0   412.3   433.4   457.4   486.3   530.2   646.4  1846.4  8736.0  30167.9    30320  1715444210154  1715444220275
read      352.9   218.8   160.7   212.9   228.2   328.8   385.2   416.6   437.7   462.0   491.4   536.1   656.9  1982.2  9449.1  30315.8    30325  1715444221785  1715444231916
read      351.0   228.2   160.7   212.7   227.3   327.0   383.7   414.5   435.3   458.8   487.1   530.4   640.3  2054.0  8690.2  30305.3    30330  1715444233426  1715444243542
read      348.3   215.9   160.7   213.0   227.2   324.1   380.3   411.1   432.1   455.5   483.2   526.2   639.2  1686.2  9222.0  30335.3    30335  1715444245053  1715444255177
read      350.4   218.3   160.7   212.1   226.7   327.4   383.9   414.0   434.0   457.1   484.8   527.8   641.9  2019.1  8897.8  30235.5    30340  1715444256687  1715444266805
read      348.0   211.1   160.7   210.1   224.9   325.4   380.5   410.5   431.6   455.5   484.5   530.0   642.8  1543.8  9198.6  30354.7    30345  1715444268313  1715444278423
read      346.6   212.3   148.8   209.6   224.4   323.9   379.7   410.3   431.3   455.3   484.0   527.8   636.1  1557.0  8904.4  30350.8    30350  1715444279933  1715444290054
read      345.2   204.8   148.8   209.6   224.4   321.0   375.8   407.0   429.3   454.4   484.7   530.1   641.3  1472.5  8503.2  30376.9    30355  1715444291563  1715444301677
read      347.6   197.6   160.7   211.3   226.0   325.1   381.4   411.6   431.9   455.5   483.6   526.6   634.3  1491.4  8203.9  30408.7    30360  1715444303186  1715444313311
read      348.0   204.7   148.8   211.3   226.1   326.7   383.1   413.1   433.2   456.1   483.1   524.0   626.8  1454.1  8864.3  30262.8    30365  1715444314819  1715444324933
read      348.9   232.9   148.8   211.1   225.5   324.7   380.7   411.3   432.0   455.3   482.9   526.4   644.8  2323.8 10350.5  30453.9    30370  1715444326442  1715444336561
read      350.0   233.6   148.8   210.5   225.4   326.0   381.4   411.7   432.8   456.9   486.0   530.8   648.2  2166.4  8761.3  30425.0    30375  1715444338071  1715444348196
read      349.0   227.7   148.8   210.5   225.3   324.6   379.9   410.5   431.9   456.6   486.4   531.8   646.4  2178.4  9022.6  30374.9    30380  1715444349708  1715444359824
read      348.8   197.7   148.8   210.9   225.6   325.4   381.4   412.3   433.5   457.9   487.2   532.2   653.9  1844.5  8081.3  30261.1    30385  1715444361332  1715444371451
read      344.9   206.7   160.7   210.2   224.8   322.8   377.4   407.2   428.2   451.7   478.9   520.4   627.7  1506.8  8473.6  30323.0    30390  1715444372959  1715444383087
read      347.6   225.5   160.7   211.3   225.9   324.9   381.2   411.4   431.9   454.9   481.6   522.1   628.2  1543.2 11650.9  30391.7    30395  1715444384597  1715444394712
read      347.8   200.8   160.7   212.0   226.4   324.3   378.8   409.0   430.2   454.6   484.1   529.7   662.2  1632.8  8495.2  30343.8    30400  1715444396222  1715444406345
read      347.1   188.4   160.7   213.4   227.7   324.4   377.5   407.6   429.4   454.3   484.5   530.5   641.0  1535.1  8443.5  30456.6    30405  1715444407852  1715444417974
read      349.4   203.5   160.7   212.3   227.0   326.6   382.9   413.3   434.1   458.4   487.7   531.8   639.6  1692.4  8469.5  30448.9    30410  1715444419482  1715444429606
read      348.9   200.4   160.7   211.2   225.8   326.1   384.2   415.1   435.8   459.6   488.1   530.8   636.5  1468.3  9247.8  30397.6    30415  1715444431113  1715444441233
read      345.5   198.9   148.8   211.0   225.6   324.1   379.0   409.6   430.4   453.7   480.8   522.7   631.5  1290.1  8399.1  30407.0    30420  1715444442743  1715444452857
read      344.3   205.9   160.7   211.1   225.4   320.3   373.5   404.0   426.1   450.5   478.9   522.4   636.4  1947.3  8035.6  30496.6    30425  1715444454367  1715444464491
read      349.2   213.3   148.8   212.8   227.3   326.5   383.2   413.7   434.1   457.7   486.3   529.9   645.8  1290.3 10188.0  30428.0    30430  1715444466000  1715444476119
read      350.5   213.7   160.7   211.3   226.1   326.8   383.5   414.7   435.7   459.8   489.1   534.2   653.3  1823.5  8566.3  30472.1    30435  1715444477629  1715444487753
read      348.6   199.5   160.7   212.1   226.9   325.9   380.3   410.6   432.0   456.1   484.9   528.9   642.6  1669.6  8041.7  30425.9    30440  1715444489261  1715444499384
read      348.0   218.8   148.8   211.3   225.9   324.6   381.3   411.7   432.2   455.6   483.3   525.2   628.6  2059.5  8480.0  30437.5    30445  1715444500893  1715444511016
read      347.2   202.1   160.7   212.1   226.8   325.2   379.6   409.6   430.3   453.9   481.8   524.2   629.5  1824.0  8329.2  30453.5    30450  1715444512527  1715444522655
read      349.7   193.1   148.8   213.9   229.5   328.6   383.6   413.6   433.9   457.3   485.2   528.5   637.8  1317.1  8018.3  30411.8    30455  1715444524163  1715444534275
read      350.8   201.9   160.7   215.0   229.6   326.7   382.4   413.3   434.1   458.4   488.0   533.3   647.6  1794.6  8096.4  30418.9    30460  1715444535785  1715444545906
read      348.2   178.6   148.8   213.7   227.9   327.3   383.9   414.0   433.9   456.9   484.2   525.7   629.5  1200.9  7838.4  30477.1    30465  1715444547417  1715444557539
read      349.2   190.6   148.8   212.2   227.0   327.6   384.4   414.9   435.1   458.7   487.2   530.7   637.5  1411.1  8202.2  30418.9    30470  1715444559050  1715444569170
read      343.4   214.8   160.7   209.1   223.7   320.9   375.7   405.8   427.0   450.1   476.4   517.8   626.5  1608.1  8287.7  30490.0    30475  1715444570681  1715444580808
read      348.9   195.2   160.7   212.0   226.7   328.3   384.7   414.6   434.5   457.0   483.7   524.5   632.9  1558.1  8517.7  30535.9    30480  1715444582317  1715444592452
read      349.1   218.8   148.8   211.3   226.1   325.8   382.0   413.0   434.0   458.1   486.9   530.3   639.8  1671.9  8613.9  30522.0    30485  1715444593961  1715444604084
read      347.9   251.0   160.7   211.2   225.6   322.9   378.3   408.8   429.9   453.7   481.7   524.6   636.9  2472.7 11481.3  30393.9    30490  1715444605595  1715444615708
read      349.1   209.7   160.7   212.0   226.6   325.9   383.1   414.1   434.8   458.4   486.8   529.9   636.0  1535.1  8741.0  30514.3    30495  1715444617218  1715444627343
read      341.9   225.7   148.8   209.0   223.4   318.0   370.1   400.6   422.5   446.5   473.6   516.4   629.1  1964.7  8832.3  30521.7    30500  1715444628854  1715444638979
