#type       avg     std     min      p5     p10     p50     p67     p75     p80     p85     p90     p95     p99    p999   p9999      QPS   target       ts_start         ts_end
read      348.4   225.5   148.8   209.3   224.3   324.5   380.3   411.7   433.1   457.7   487.3   533.2   660.3  1771.5 10317.5  30055.9    30000  1715444645945  1715444656127
read      355.0   228.8   148.8   211.7   226.5   329.2   385.0   416.6   438.2   463.6   495.5   545.1   698.0  2369.6  8695.0  30049.0    30005  1715444657638  1715444667775
read      359.1   228.1   160.7   214.2   228.7   330.5   388.0   419.3   440.8   465.2   497.1   547.2   747.6  3333.1  8101.3  30007.2    30010  1715444669284  1715444679397
read      360.6   223.7   160.7   215.1   229.0   331.0   388.8   420.8   443.2   468.6   501.9   557.7   754.3  3040.9  8255.4  30035.4    30015  1715444680907  1715444691026
read      389.3   559.2   160.7   217.1   230.5   338.8   395.5   426.9   449.5   474.8   508.4   571.4   812.0  9355.5 19805.5  30001.2    30020  1715444692536  1715444702653
read      369.2   428.0   160.7   211.4   225.3   325.7   382.8   415.4   438.9   467.5   505.3   568.9   793.7  7633.8 16267.4  30020.6    30025  1715444704161  1715444714283
read      369.5   391.6   148.8   210.7   224.9   329.4   388.7   422.5   446.7   473.6   509.1   571.3   760.0  6441.8 14986.3  30044.4    30030  1715444715792  1715444725908
read      389.0   379.4   160.7   213.1   228.7   351.1   416.7   450.9   474.0   501.7   538.5   603.0   820.2  6076.3 12914.8  30042.0    30035  1715444727417  1715444737532
read      349.5   295.6   160.7   208.8   222.0   319.1   373.8   403.9   426.5   452.6   485.4   537.8   681.7  3954.1 11857.2  29919.7    30040  1715444739044  1715444749164
read      347.9   353.8   148.8   206.9   220.3   311.6   365.5   396.3   419.0   445.2   477.7   529.1   670.4  5287.0 13405.3  30052.5    30045  1715444750675  1715444760798
read      345.2   347.0   148.8   206.6   219.9   311.4   361.8   390.7   411.9   436.8   470.0   523.7   670.4  5530.0 12812.4  30079.7    30050  1715444762307  1715444772427
read      369.1   377.8   148.8   209.9   224.5   330.6   392.5   427.1   451.9   479.9   513.8   570.5   729.7  5307.9 14933.6  30177.5    30055  1715444773938  1715444784058
read      367.5   457.3   148.8   210.2   224.3   319.9   374.1   405.6   429.1   456.6   491.8   549.2   864.9  7265.2 19096.9  30056.8    30060  1715444785569  1715444795682
read      347.5   201.3   148.8   209.2   224.0   325.1   382.4   413.5   434.1   457.8   486.6   531.6   644.6  1398.1  8116.2  30064.0    30065  1715444797190  1715444807308
read      348.7   201.3   148.8   209.6   224.6   324.9   381.8   413.3   434.6   459.1   488.9   535.3   658.3  1660.0  8490.9  30034.0    30070  1715444808816  1715444818929
read      346.5   224.2   148.8   210.5   225.2   322.5   377.7   408.3   429.7   453.8   482.6   527.0   643.6  1509.4  8945.2  30136.2    30075  1715444820439  1715444830554
read      350.9   218.1   160.7   216.5   231.1   327.8   382.3   412.2   432.8   456.6   484.8   526.6   637.1  1658.1  8894.2  30113.5    30080  1715444832062  1715444842182
read      349.8   206.4   160.7   213.7   228.5   326.2   381.6   412.7   433.5   457.3   485.5   527.9   637.2  1819.4  8636.0  30028.5    30085  1715444843692  1715444853816
read      349.4   218.1   160.7   211.2   225.8   326.3   384.0   415.2   436.1   459.8   488.3   531.1   640.4  1341.8  9471.7  30123.7    30090  1715444855324  1715444865448
read      349.9   218.1   148.8   210.6   225.3   326.0   383.9   415.3   436.3   460.3   489.2   533.3   645.0  1698.8  8639.2  30123.1    30095  1715444866957  1715444877077
read      347.9   213.3   160.7   211.0   225.7   324.5   381.3   411.8   432.3   455.6   483.2   525.2   635.0  1837.2  8523.2  30022.8    30100  1715444878586  1715444888705
read      349.2   203.9   148.8   211.8   226.4   326.9   384.3   414.6   434.8   457.7   485.0   527.0   635.4  1858.4  8354.1  30048.6    30105  1715444890217  1715444900343
read      350.7   215.5   160.7   212.7   227.3   327.6   384.5   415.3   435.7   459.5   488.0   531.6   652.4  1776.7  8562.7  30086.2    30110  1715444901852  1715444911974
read      349.2   205.2   148.8   212.0   226.5   326.8   384.1   414.6   434.9   458.3   486.3   528.2   634.1  1475.2  8458.4  30174.3    30115  1715444913482  1715444923602
read      336.8   199.6   160.7   207.9   221.8   311.4   364.1   395.6   418.6   444.5   474.5   518.5   630.2  1401.5  8099.5  30117.3    30120  1715444925112  1715444935224
read      350.1   203.2   148.8   211.2   225.9   326.4   382.7   414.0   435.2   459.4   488.8   534.9   657.3  1815.3  8231.5  30013.9    30125  1715444936735  1715444946853
read      344.7   190.4   148.8   211.8   225.8   321.7   376.4   407.3   429.0   453.1   481.4   523.7   631.4  1510.5  8100.9  30143.0    30130  1715444948362  1715444958481
read      349.9   222.5   160.7   212.6   227.1   325.7   381.8   412.3   433.1   457.2   485.9   529.7   644.9  2189.2  8662.4  30143.2    30135  1715444959989  1715444970112
read      349.4   243.4   160.7   210.4   225.3   325.5   381.2   411.5   432.3   456.4   485.3   530.3   650.2  1844.4 11467.1  30221.5    30140  1715444971622  1715444981752
read      351.0   214.6   148.8   212.5   227.6   327.8   382.5   413.1   434.7   459.2   488.9   534.9   666.6  1512.7  9164.1  30153.3    30145  1715444983262  1715444993381
read      349.0   207.4   148.8   212.3   227.1   326.6   381.0   410.9   431.5   455.2   483.4   527.0   644.5  1802.1  8495.1  30160.2    30150  1715444994892  1715445005005
read      343.0   210.5   148.8   207.6   222.2   316.7   368.9   399.8   422.7   448.7   480.6   531.9   688.4  1824.7  9708.4  30151.3    30155  1715445006513  1715445016631
read      349.6   223.6   160.7   211.7   226.4   326.7   382.7   413.4   433.8   457.2   484.9   527.3   639.0  1904.9  8720.6  30248.9    30160  1715445018139  1715445028255
read      346.4   199.3   160.7   213.3   227.7   323.1   378.3   408.6   429.6   453.3   481.4   524.6   630.4  1514.4  8173.6  30154.0    30165  1715445029764  1715445039880
read      352.1   201.3   160.7   215.6   229.8   329.3   386.9   417.8   438.5   461.8   490.3   532.4   635.7  1537.1  8638.4  30099.4    30170  1715445041391  1715445051506
read      349.8   249.9   160.7   214.8   228.9   325.8   381.0   411.5   432.3   455.8   484.0   527.1   637.0  1719.9  9388.8  30148.9    30175  1715445053015  1715445063130
read      353.9   217.9   160.7   215.7   229.7   330.5   387.5   418.8   440.0   463.7   493.5   537.9   650.8  1699.9  8481.1  30274.0    30180  1715445064638  1715445074753
read      352.9   200.4   148.8   215.8   230.1   329.3   386.1   417.1   438.3   462.1   491.6   536.3   653.4  1589.4  8432.2  30097.5    30185  1715445076264  1715445086387
read      350.6   207.0   160.7   213.5   228.2   327.7   386.3   416.8   436.8   460.1   488.1   530.5   639.9  1263.0  9098.1  30249.3    30190  1715445087898  1715445098023
read      352.0   215.4   160.7   214.6   229.0   328.2   385.7   417.1   438.3   462.2   491.1   533.5   639.9  1404.3  8491.2  30188.2    30195  1715445099534  1715445109658
read      351.3   229.8   160.7   213.8   228.3   327.3   384.7   415.5   436.0   459.4   487.7   530.6   637.6  1841.3  8520.6  30283.2    30200  1715445111170  1715445121290
read      351.7   211.9   148.8   214.0   228.4   328.9   386.0   416.8   437.3   461.2   490.0   532.6   639.5  1531.2  8861.7  30288.7    30205  1715445122798  1715445132914
read      351.7   221.9   148.8   214.6   228.9   327.7   383.6   414.2   435.1   459.2   488.3   532.9   655.7  1691.3  9102.8  30222.3    30210  1715445134429  1715445144552
read      357.0   234.5   160.7   218.1   233.1   331.8   388.7   419.4   440.0   463.4   492.4   536.1   662.1  2436.4  9321.7  30221.3    30215  1715445146062  1715445156195
read      352.6   237.7   148.8   213.9   229.0   328.7   384.9   415.8   436.5   460.5   489.3   532.4   640.8  2024.9 10644.8  30134.1    30220  1715445157702  1715445167817
read      351.8   226.2   160.7   215.0   229.4   328.8   384.0   414.2   434.7   458.4   486.7   529.1   637.7  2078.1 10492.8  30238.0    30225  1715445169325  1715445179441
read      349.5   223.8   148.8   210.7   225.6   325.5   382.6   413.8   434.9   459.5   489.1   533.9   641.3  1458.3  9303.0  30270.9    30230  1715445180949  1715445191068
read      351.0   178.3   148.8   215.0   229.3   329.4   386.7   417.4   437.6   461.2   489.6   532.1   642.6  1308.4  7987.8  30273.4    30235  1715445192579  1715445202695
read      348.9   214.2   148.8   213.2   227.7   326.8   382.0   411.6   432.0   455.1   482.4   524.5   635.2  1743.7  8576.5  30252.9    30240  1715445204205  1715445214323
read      348.7   218.6   160.7   213.6   227.9   326.3   383.3   413.8   434.1   457.0   483.8   523.5   621.4  1457.6  8719.6  30255.4    30245  1715445215831  1715445225950
read      351.7   223.1   148.8   213.6   228.1   327.9   384.8   415.7   436.4   460.3   489.3   532.6   642.0  1738.6  9323.1  30211.4    30250  1715445227461  1715445237578
read      352.3   209.4   148.8   213.5   228.1   329.0   386.5   417.1   437.4   460.9   489.7   533.0   649.0  1913.0  8233.1  30269.1    30255  1715445239087  1715445249207
read      350.2   220.3   148.8   212.9   227.3   326.4   383.0   414.1   435.3   459.1   487.7   530.7   638.7  1967.2  9905.8  30200.0    30260  1715445250716  1715445260830
read      348.8   227.9   160.7   213.1   227.2   323.7   377.9   408.9   430.5   455.2   484.7   529.3   650.6  2404.8  9230.8  30241.1    30265  1715445262338  1715445272461
read      351.2   217.9   148.8   212.7   227.3   328.3   386.1   417.2   437.8   461.6   490.0   531.9   634.5  1736.4  8702.2  30383.3    30270  1715445273969  1715445284080
read      350.1   218.6   160.7   215.9   229.6   328.4   384.6   414.4   434.4   457.5   484.8   524.9   626.6  1430.6 10357.0  30239.0    30275  1715445285590  1715445295707
read      347.5   212.8   160.7   210.7   225.2   322.0   375.9   407.3   430.5   456.2   487.0   534.6   678.8  1568.7  8641.3  30264.3    30280  1715445297217  1715445307338
read      352.9   217.5   148.8   211.4   226.5   328.3   384.2   415.7   437.1   462.6   494.0   541.1   677.9  1986.6  8928.4  30233.0    30285  1715445308849  1715445318967
read      351.7   221.6   148.8   210.9   225.8   327.3   385.1   416.3   437.3   461.7   491.5   536.9   658.9  1729.1 10026.6  30298.1    30290  1715445320476  1715445330587
read      350.8   231.0   148.8   212.5   227.1   326.9   383.8   414.9   436.0   460.1   489.4   533.5   642.1  1609.1 10593.4  30264.9    30295  1715445332095  1715445342212
read      348.4   188.5   148.8   211.5   226.1   325.2   382.0   413.5   434.6   459.2   488.6   533.2   649.5  1522.0  8102.3  30221.5    30300  1715445343721  1715445353848
read      351.3   220.4   148.8   211.0   225.7   327.2   385.9   417.1   437.8   461.9   491.1   535.7   657.6  1798.3  8778.9  30315.7    30305  1715445355358  1715445365475
read      352.4   210.7   160.7   213.0   227.6   329.6   387.4   418.2   438.9   462.7   492.0   536.1   650.1  1488.4  8371.9  30352.5    30310  1715445366983  1715445377103
read      348.9   220.8   160.7   212.6   227.0   324.3   379.8   410.6   431.9   456.5   485.8   529.7   647.1  1738.7  9843.8  30310.2    30315  1715445378611  1715445388731
read      349.3   209.3   148.8   212.2   226.8   326.0   383.2   413.9   434.6   458.5   486.9   529.6   642.3  1654.7  8356.3  30332.4    30320  1715445390240  1715445400357
read      350.9   209.1   160.7   213.3   227.8   326.9   383.9   415.5   436.4   460.4   489.7   533.8   641.7  1585.1  8586.1  30331.1    30325  1715445401866  1715445411985
read      352.5   228.2   160.7   213.6   228.3   328.9   385.3   415.7   436.3   460.1   489.3   533.3   640.3  2237.8  8293.0  30345.9    30330  1715445413494  1715445423610
read      343.3   205.4   148.8   211.0   225.3   318.7   372.6   403.9   426.5   451.6   481.4   526.5   634.6  1309.1  8524.7  30302.8    30335  1715445425119  1715445435228
read      351.4   211.2   148.8   213.6   228.4   327.6   384.2   415.5   436.6   460.9   490.3   533.6   645.1  1429.4  8674.8  30371.3    30340  1715445436737  1715445446856
read      351.0   223.0   160.7   213.3   227.9   326.9   383.5   414.0   434.3   458.0   486.3   529.0   639.5  2352.5  8925.7  30229.6    30345  1715445448367  1715445458487
read      354.8   228.7   148.8   218.3   233.4   330.4   386.1   416.8   437.8   461.6   490.5   533.6   647.1  1909.6 10207.1  30301.9    30350  1715445459998  1715445470119
read      348.5   189.0   148.8   211.2   226.0   326.4   384.2   415.3   436.1   459.7   488.2   531.5   636.4  1385.2  7967.1  30420.2    30355  1715445471628  1715445481743
read      348.4   185.8   148.8   213.4   228.0   325.7   381.8   412.6   433.2   456.9   485.2   528.2   638.8  1533.3  8053.7  30392.6    30360  1715445483252  1715445493370
read      351.8   248.9   148.8   212.7   227.3   327.2   384.3   415.4   436.1   460.5   489.8   533.5   640.2  2200.7  9298.6  30385.8    30365  1715445494878  1715445504996
read      345.6   221.8   160.7   211.8   225.8   320.2   375.3   406.1   427.7   451.6   479.9   523.4   633.6  2302.6  9591.3  30356.0    30370  1715445506507  1715445516621
read      350.4   217.6   148.8   212.8   227.3   327.0   383.1   414.0   434.9   459.0   488.3   533.1   643.7  1693.9 10210.7  30389.4    30375  1715445518129  1715445528243
read      351.5   241.0   148.8   209.9   224.8   325.0   382.6   414.7   436.6   461.1   491.4   537.8   662.8  2521.3  9256.5  30370.2    30380  1715445529752  1715445539876
read      349.2   182.9   148.8   210.3   225.1   325.7   384.1   415.9   437.5   462.0   491.9   536.6   647.8  1455.3  7776.7  30427.4    30385  1715445541386  1715445551512
read      347.8   219.2   148.8   210.5   225.2   323.9   379.3   410.5   431.9   456.2   485.1   529.1   639.7  1941.1  9237.1  30458.4    30390  1715445553022  1715445563140
read      350.3   228.4   148.8   210.8   225.5   325.4   382.2   413.5   434.7   459.4   489.4   534.8   660.9  2113.0 10147.1  30418.4    30395  1715445564651  1715445574776
read      347.5   195.1   148.8   211.4   226.0   326.2   384.0   414.5   434.9   458.0   485.2   526.3   631.4  1184.6  8908.6  30318.2    30400  1715445576285  1715445586403
read      350.1   199.8   160.7   214.3   228.6   328.3   384.6   414.8   434.9   458.3   486.3   528.8   637.0  1277.6  8601.5  30320.0    30405  1715445587909  1715445598036
read      355.2   242.5   148.8   214.6   229.3   329.7   384.8   415.6   436.6   461.1   491.5   538.9   683.2  1994.5 12037.4  30445.4    30410  1715445599547  1715445609664
read      349.4   213.6   148.8   213.8   228.2   326.4   381.3   411.5   432.3   456.1   484.7   528.2   637.8  1675.8  8626.4  30523.7    30415  1715445611174  1715445621298
read      350.0   229.8   160.7   212.0   226.7   325.3   379.8   410.4   431.7   456.7   487.1   533.8   663.5  2014.1  9153.8  30415.6    30420  1715445622807  1715445632930
read      352.4   201.1   160.7   214.0   228.5   328.5   386.1   417.5   438.6   462.8   492.7   537.5   657.3  1567.7  8928.2  30431.3    30425  1715445634437  1715445644553
read      340.8   218.1   160.7   211.8   225.6   315.3   366.4   397.3   419.8   444.9   474.7   520.9   636.8  1476.0  9710.4  30428.8    30430  1715445646064  1715445656178
read      350.1   222.1   148.8   212.4   227.1   326.4   383.1   414.1   435.3   459.8   489.0   533.0   647.9  1512.1  9234.2  30475.0    30435  1715445657689  1715445667809
read      352.2   220.6   148.8   212.2   226.8   327.8   385.1   416.3   437.4   461.8   491.7   537.5   661.4  1997.3  8778.6  30466.9    30440  1715445669319  1715445679440
read      349.3   200.0   148.8   212.4   227.3   327.3   382.5   412.4   433.3   457.0   485.5   529.3   641.5  1523.0  8628.6  30462.0    30445  1715445680951  1715445691070
read      349.7   254.8   148.8   210.3   225.5   323.9   378.7   410.0   431.8   456.7   487.0   533.5   651.2  2254.9 12501.8  30461.7    30450  1715445692581  1715445702697
read      351.7   231.3   160.7   211.3   226.5   327.0   383.9   415.3   436.5   461.1   491.4   537.1   655.2  1900.0 10369.2  30441.4    30455  1715445704206  1715445714322
read      350.9   213.5   148.8   215.0   229.3   328.1   383.7   413.9   434.3   457.9   486.2   529.1   635.9  1750.7  8492.4  30435.8    30460  1715445715833  1715445725965
read      349.5   222.6   148.8   211.1   225.9   325.7   381.5   411.9   432.9   456.8   485.7   530.4   647.6  1961.4  8510.3  30450.2    30465  1715445727473  1715445737591
read      349.8   211.4   148.8   212.6   227.1   326.2   382.0   412.6   433.6   457.7   486.8   532.0   655.8  1806.0  8727.6  30443.2    30470  1715445739101  1715445749225
read      349.8   202.3   160.7   210.9   225.7   326.2   384.6   415.6   436.2   460.0   488.7   532.2   643.5  1852.6  8406.4  30434.1    30475  1715445750733  1715445760850
read      351.9   183.2   148.8   217.4   232.3   330.3   386.0   416.6   436.9   460.2   488.5   531.3   636.4  1387.2  7944.2  30466.5    30480  1715445762362  1715445772481
read      354.3   201.6   148.8   217.2   231.9   331.3   388.1   418.7   439.1   462.5   491.2   533.9   645.1  1766.4  8582.4  30512.5    30485  1715445773991  1715445784110
read      349.7   219.3   160.7   212.1   226.8   326.3   382.4   412.6   433.2   457.1   486.2   530.8   645.5  1696.9  9982.5  30424.4    30490  1715445785618  1715445795731
read      346.9   203.4   160.7   210.8   225.6   324.2   380.5   410.9   431.5   455.1   482.9   524.4   629.2  1653.3  8280.1  30453.3    30495  1715445797241  1715445807357
read      350.3   222.4   148.8   211.6   226.2   326.2   384.1   415.3   435.7   459.6   488.1   531.1   639.8  2030.8  8919.8  30447.6    30500  1715445808866  1715445818978
