#type       avg     std     min      p5     p10     p50     p67     p75     p80     p85     p90     p95     p99    p999   p9999      QPS   target       ts_start         ts_end
read      347.0   221.7   160.7   211.4   226.2   324.8   375.0   403.8   425.6   450.1   479.9   526.5   636.4  1914.1  9076.6  29964.4    30000  1715442285279  1715442295451
read      349.7   238.6   148.8   210.3   225.4   323.9   374.2   404.6   428.1   454.6   488.0   541.1   686.6  2228.3 10477.9  30080.5    30005  1715442296963  1715442307108
read      353.2   233.6   148.8   212.1   227.3   327.7   379.1   410.0   433.1   460.0   493.5   544.9   685.2  2520.0  9872.0  30015.9    30010  1715442308619  1715442318741
read      349.1   215.9   160.7   212.2   227.1   326.6   377.5   407.3   429.4   455.1   486.7   534.6   662.1  1779.1  8357.9  29959.6    30015  1715442320251  1715442330374
read      350.8   231.7   160.7   211.7   226.7   326.9   379.8   410.5   432.6   458.0   489.1   536.7   656.8  1983.3  9881.8  29932.3    30020  1715442331885  1715442342015
read      351.0   207.7   160.7   213.8   228.8   327.3   379.9   411.3   433.8   459.8   491.4   539.4   668.2  1455.6  9586.2  30023.3    30025  1715442343525  1715442353644
read      356.5   234.0   148.8   215.9   231.4   330.8   385.2   416.8   439.1   464.8   496.8   544.3   675.4  2436.3  8691.2  29890.2    30030  1715442355154  1715442365280
read      365.5   243.7   160.7   216.0   230.2   333.4   388.9   422.1   446.3   473.5   509.1   573.0   801.1  2978.9  8586.6  29943.7    30035  1715442366788  1715442376905
read      390.6   496.9   160.7   218.1   232.0   338.2   396.9   431.1   456.0   484.7   522.4   587.1   939.6  7980.4 17392.7  29916.8    30040  1715442378412  1715442388530
read      412.0   608.0   160.7   218.5   233.3   346.7   414.5   453.0   480.0   511.6   554.1   632.4   943.6  9803.4 20439.0  29971.8    30045  1715442390038  1715442400159
read      345.2   288.5   148.8   208.8   222.2   314.1   362.5   391.0   412.2   437.4   470.3   523.0   681.3  4687.0 10729.4  30029.6    30050  1715442401669  1715442411814
read      352.5   370.6   148.8   209.7   223.2   315.9   365.2   394.4   416.2   441.5   473.6   527.0   687.9  6915.4 13101.8  30099.9    30055  1715442413323  1715442423445
read      365.5   320.9   148.8   210.6   224.9   331.5   388.1   420.2   443.0   469.1   503.8   564.7   764.0  4933.5 11584.3  30077.1    30060  1715442424952  1715442435072
read      364.6   333.2   160.7   210.8   225.1   329.6   386.7   419.6   443.0   469.9   505.0   564.6   739.9  4950.3 13628.3  30140.5    30065  1715442436582  1715442446700
read      352.3   295.4   160.7   208.8   222.7   317.3   371.8   404.2   428.4   456.4   491.7   542.9   689.5  4733.1 10924.1  29999.7    30070  1715442448210  1715442458327
read      386.6   417.7   148.8   215.0   230.2   342.4   409.4   447.7   473.4   504.1   542.4   605.1   798.0  6875.3 15730.6  29955.5    30075  1715442459837  1715442469956
read      367.5   393.5   148.8   212.3   226.3   328.6   384.0   416.1   438.6   465.5   500.1   556.5   768.9  6531.3 15772.6  30128.5    30080  1715442471466  1715442481589
read      350.7   215.7   148.8   210.4   225.3   324.4   378.9   411.1   434.5   461.3   494.7   544.5   679.7  1862.0  8659.5  30022.4    30085  1715442483097  1715442493215
read      348.4   204.2   148.8   211.0   226.1   324.3   376.6   408.1   431.1   457.1   488.9   537.0   661.8  1997.7  8042.0  30026.8    30090  1715442494725  1715442504842
read      350.4   220.3   148.8   211.8   226.7   325.1   378.9   410.6   433.2   459.0   490.2   537.0   658.4  2269.5  8666.5  30182.7    30095  1715442506354  1715442516481
read      345.5   193.4   148.8   207.9   223.1   321.8   374.3   405.6   429.4   456.1   488.6   537.6   657.7  1329.8  8298.9  30056.8    30100  1715442517990  1715442528108
read      348.6   212.5   148.8   208.9   224.4   323.6   375.0   406.6   430.3   457.4   490.9   541.3   676.4  1911.0  8372.4  29984.3    30105  1715442529618  1715442539741
read      347.9   205.1   148.8   211.2   226.0   324.4   378.1   409.0   431.2   456.6   487.4   533.6   642.8  1509.6  8540.8  30149.6    30110  1715442541250  1715442551374
read      346.7   212.7   148.8   208.3   223.5   321.8   374.1   405.8   429.0   455.3   487.9   538.3   667.3  1913.4  9021.2  30045.0    30115  1715442552884  1715442563004
read      349.8   225.4   148.8   211.0   226.2   326.4   377.8   407.8   430.0   455.8   487.7   536.1   657.7  2099.5  9958.7  30099.5    30120  1715442564515  1715442574640
read      348.7   216.6   148.8   209.2   224.0   323.5   379.4   411.9   434.3   459.9   491.1   537.4   651.1  1682.5  8553.7  30086.3    30125  1715442576147  1715442586263
read      348.9   208.7   148.8   210.9   225.8   325.8   379.6   411.1   433.5   459.2   490.1   535.5   647.6  1380.0  9335.2  30125.4    30130  1715442587771  1715442597893
read      344.0   220.1   148.8   210.1   224.7   317.7   366.4   395.9   418.6   445.5   479.4   532.6   691.1  1998.8  8942.4  30135.0    30135  1715442599402  1715442609513
read      346.9   222.6   148.8   211.5   226.1   322.8   373.9   404.1   426.9   452.6   484.1   531.9   657.2  1875.7  8711.8  30169.0    30140  1715442611022  1715442621145
read      351.3   230.1   148.8   212.0   227.0   326.5   379.6   410.6   433.2   458.8   490.0   537.1   659.0  2500.2 10388.7  30186.5    30145  1715442622656  1715442632771
read      347.6   228.3   160.7   211.9   226.6   324.0   376.8   407.1   429.3   454.4   484.5   529.5   637.3  1524.3 11047.8  30123.8    30150  1715442634279  1715442644397
read      348.5   202.1   160.7   211.3   226.1   324.7   377.3   408.1   430.5   456.1   487.3   534.5   649.4  2098.1  8324.5  30160.3    30155  1715442645907  1715442656035
read      353.4   207.5   160.7   216.2   231.3   329.3   383.9   415.4   437.2   463.1   494.7   541.4   660.1  1367.4  9128.8  30074.8    30160  1715442657543  1715442667663
read      351.0   203.7   148.8   213.0   228.3   326.9   381.4   413.2   435.2   461.0   492.5   539.3   659.0  1559.5  8305.2  30214.9    30165  1715442669173  1715442679292
read      346.4   209.5   148.8   208.6   223.5   322.7   374.9   406.1   429.0   454.8   486.3   534.8   656.6  1825.9  9220.8  30204.2    30170  1715442680803  1715442690917
read      348.8   225.0   148.8   210.6   225.6   325.1   380.7   412.1   434.1   459.1   489.1   533.7   641.0  1547.9  9320.8  30210.1    30175  1715442692427  1715442702547
read      348.1   223.4   148.8   210.1   225.0   324.4   379.3   410.5   432.3   457.4   487.9   534.0   640.6  1712.1  9857.4  30166.4    30180  1715442704056  1715442714180
read      351.3   222.2   160.7   211.9   226.6   326.5   382.7   414.2   435.7   460.7   491.1   536.4   650.9  2192.4  8278.8  30140.9    30185  1715442715691  1715442725814
read      349.2   207.8   148.8   210.0   225.2   325.6   380.5   412.5   434.4   460.5   491.9   539.0   658.1  1431.5  8717.5  30124.9    30190  1715442727322  1715442737441
read      349.1   206.9   148.8   211.6   226.7   325.6   379.2   410.4   432.9   458.3   489.4   536.6   663.7  1335.7  9046.0  30181.9    30195  1715442738949  1715442749069
read      351.0   233.7   148.8   212.1   226.8   326.2   380.9   412.5   434.3   460.0   491.0   537.8   662.3  1698.2  8692.9  30345.8    30200  1715442750578  1715442760702
read      349.0   222.6   148.8   211.4   226.3   324.4   377.9   409.3   432.2   458.2   489.9   537.7   658.3  1368.3  9976.8  30272.0    30205  1715442762212  1715442772344
read      350.0   235.1   160.7   211.6   226.2   325.8   380.6   411.3   433.0   457.8   487.6   531.5   639.0  2587.1 10044.0  30275.2    30210  1715442773853  1715442783982
read      329.9   209.2   148.8   207.2   220.7   306.2   352.3   381.3   403.2   430.1   461.7   504.8   618.3  1431.1  8662.8  30287.3    30215  1715442785489  1715442795611
read      349.4   196.6   148.8   212.0   226.7   326.2   381.2   412.4   433.8   458.4   488.3   533.6   652.9  1667.8  8091.4  30187.9    30220  1715442797121  1715442807249
read      348.0   219.2   160.7   211.2   226.0   325.7   380.6   410.9   431.8   455.6   484.1   528.1   634.6  1400.2  9433.0  30171.9    30225  1715442808758  1715442818880
read      348.8   209.0   148.8   211.2   226.0   325.0   380.1   410.9   432.6   457.6   488.1   534.1   656.8  1487.0  8547.6  30164.3    30230  1715442820391  1715442830503
read      347.6   194.3   148.8   210.5   225.6   325.7   379.1   409.2   430.9   456.0   486.4   532.7   649.0  1418.4  8133.3  30241.4    30235  1715442832014  1715442842134
read      348.8   208.9   148.8   211.1   225.6   325.5   380.9   411.8   433.3   458.2   488.2   533.4   647.9  1486.0  9123.3  30211.6    30240  1715442843643  1715442853771
read      348.0   217.5   160.7   211.3   226.0   323.6   376.3   407.0   429.5   455.0   486.0   534.0   656.5  1951.5  9129.2  30252.3    30245  1715442855280  1715442865404
read      351.4   245.4   148.8   210.5   225.5   325.1   379.7   411.3   433.7   459.9   491.9   539.7   673.1  2295.5 10239.7  30192.5    30250  1715442866914  1715442877036
read      343.7   210.6   148.8   209.3   223.8   319.5   372.6   403.5   425.9   450.8   480.3   526.3   639.5  1928.4  8922.2  30249.9    30255  1715442878546  1715442888664
read      350.1   255.3   148.8   212.5   227.1   323.6   375.5   405.7   428.5   454.4   486.0   534.6   665.8  2435.0 11949.0  30181.8    30260  1715442890173  1715442900302
read      352.2   265.0   148.8   211.7   226.4   324.1   376.6   407.4   429.3   454.7   486.4   535.8   688.1  3084.5 10988.0  30284.9    30265  1715442901810  1715442911950
read      350.8   256.7   148.8   210.2   225.2   324.7   379.4   410.5   432.3   457.7   489.1   536.7   659.3  2353.3 12402.5  30267.4    30270  1715442913461  1715442923575
read      350.3   265.4   148.8   210.4   225.2   323.8   377.4   408.1   430.0   454.9   485.2   532.6   661.7  3117.2 11890.6  30232.1    30275  1715442925086  1715442935206
read      346.4   195.4   160.7   213.0   227.4   323.9   377.3   407.1   428.4   452.4   480.7   524.2   635.5  1608.5  8305.0  30160.8    30280  1715442936713  1715442946833
read      349.1   209.5   160.7   212.3   227.0   326.2   381.1   412.0   433.4   458.1   487.5   531.5   636.4  1543.5  8713.3  30299.9    30285  1715442948341  1715442958456
read      344.2   201.5   148.8   212.4   226.6   322.1   373.5   403.0   424.5   448.5   476.6   520.2   634.2  1646.4  9081.5  30343.3    30290  1715442959966  1715442970092
read      352.9   221.2   148.8   214.7   230.3   328.6   381.6   412.3   433.8   458.9   489.4   534.9   657.4  2609.7  8291.2  30264.6    30295  1715442971604  1715442981723
read      346.0   207.9   148.8   212.4   227.3   322.1   374.4   404.5   426.8   451.9   482.0   527.5   640.1  1552.4  8591.8  30400.0    30300  1715442983232  1715442993351
read      348.5   212.4   148.8   211.1   226.1   325.1   380.5   411.6   433.0   457.4   486.5   530.1   638.8  1904.2  8573.0  30342.5    30305  1715442994859  1715443004976
read      345.9   219.7   148.8   209.6   224.2   321.2   375.2   406.6   429.0   454.1   484.1   529.5   649.5  1754.7  8873.4  30290.6    30310  1715443006488  1715443016606
read      347.5   212.2   148.8   210.2   225.0   323.9   378.4   409.6   431.3   456.0   485.9   531.3   653.9  1424.0  8678.8  30279.8    30315  1715443018117  1715443028239
read      352.7   215.6   148.8   212.3   227.3   329.4   385.5   416.7   437.9   463.0   493.5   539.7   665.2  1550.1  8683.0  30285.4    30320  1715443029749  1715443039871
read      349.5   233.6   148.8   209.1   224.1   324.1   380.4   412.1   433.9   459.5   491.2   539.8   667.3  1537.9  9995.2  30357.8    30325  1715443041381  1715443051508
read      350.2   209.8   148.8   212.3   227.1   326.9   381.4   412.5   434.2   459.1   489.6   536.8   662.6  1481.1  8360.9  30275.1    30330  1715443053016  1715443063138
read      350.3   235.5   148.8   209.4   224.3   324.9   380.8   412.8   434.5   460.1   491.3   538.5   666.9  1898.1  9289.6  30319.6    30335  1715443064648  1715443074771
read      345.8   218.9   160.7   211.0   225.5   321.7   376.3   407.1   428.6   452.8   481.8   525.9   639.0  1593.7  8547.9  30305.8    30340  1715443076282  1715443086401
read      348.4   223.7   148.8   210.9   225.4   324.5   379.6   410.7   432.5   457.5   487.8   532.8   640.2  1729.0  9636.9  30300.3    30345  1715443087909  1715443098033
read      352.4   216.0   148.8   211.6   226.6   327.3   382.6   414.3   436.2   462.2   494.6   543.1   679.1  2108.7  8553.2  30370.2    30350  1715443099542  1715443109666
read      349.5   227.8   148.8   210.3   225.3   325.0   381.2   412.5   433.8   458.5   488.4   533.6   640.9  2008.0  8670.6  30309.9    30355  1715443111177  1715443121295
read      334.3   198.1   148.8   207.5   221.4   312.0   360.5   389.4   410.3   434.9   465.1   508.6   631.2  1381.2  8101.4  30441.6    30360  1715443122806  1715443132923
read      345.1   174.0   160.7   210.1   224.8   322.8   377.6   408.5   430.1   454.6   483.8   528.7   642.4  1281.2  7861.1  30378.7    30365  1715443134434  1715443144556
read      348.1   201.8   148.8   213.2   227.6   325.7   380.0   410.6   431.7   456.1   485.0   528.0   633.8  1392.7  8019.2  30382.7    30370  1715443146064  1715443156181
read      348.1   235.9   148.8   210.3   225.3   322.5   376.2   407.3   429.3   454.2   484.5   531.4   655.5  2169.9  9902.3  30385.1    30375  1715443157692  1715443167812
read      349.0   210.4   148.8   211.4   226.3   325.5   380.3   411.2   432.6   457.3   487.5   535.2   656.6  1439.5  8751.0  30387.5    30380  1715443169322  1715443179445
read      348.3   200.6   148.8   211.1   225.9   325.8   381.6   412.2   432.9   456.7   485.2   529.0   638.1  1708.7  8622.5  30319.3    30385  1715443180956  1715443191074
read      351.6   210.8   160.7   211.6   226.7   328.0   383.8   414.3   435.1   459.4   488.9   534.6   665.4  2077.3  8594.1  30327.0    30390  1715443192584  1715443202704
read      357.4   212.2   148.8   212.3   227.7   329.6   382.0   412.7   435.0   462.1   496.7   554.2   779.9  2463.4  8117.0  30432.5    30395  1715443204214  1715443214336
read      354.9   214.6   148.8   216.6   231.1   330.5   384.2   414.9   436.4   462.0   493.5   541.4   683.0  1741.4  8571.2  30411.9    30400  1715443215846  1715443225970
read      350.7   202.3   160.7   213.1   227.7   327.6   382.9   414.2   435.2   460.1   489.9   534.5   660.5  1380.3  8350.3  30432.9    30405  1715443227480  1715443237601
read      351.5   212.9   160.7   213.7   228.4   327.8   382.2   413.2   434.6   459.4   489.7   536.0   661.2  1625.6  9877.1  30464.7    30410  1715443239113  1715443249236
read      353.2   218.1   148.8   212.8   227.8   328.4   383.4   415.2   436.9   462.4   493.8   542.4   680.0  1737.3  8890.2  30431.8    30415  1715443250747  1715443260871
read      352.6   217.4   160.7   215.5   229.7   330.4   385.7   415.8   436.2   459.9   488.6   532.4   646.0  1534.6 10053.7  30361.7    30420  1715443262382  1715443272510
read      353.5   231.9   160.7   216.5   230.8   329.5   383.8   414.4   435.5   459.6   489.1   534.1   660.0  2032.0  8768.4  30341.6    30425  1715443274020  1715443284146
read      357.1   215.6   148.8   219.2   234.5   332.7   386.9   417.9   439.3   463.9   494.2   539.3   664.7  2040.1  8531.0  30363.8    30430  1715443285657  1715443295774
read      351.5   425.4   148.8   215.6   229.9   328.2   383.7   414.7   435.9   460.0   489.0   531.8   634.7  1273.2  9202.0  30414.5    30435  1715443297281  1715443307401
read      351.1   568.0   148.8   211.9   226.8   327.1   382.6   413.2   434.6   459.1   489.0   535.7   655.3  1345.9  8582.9  30414.1    30440  1715443308909  1715443319028
read      352.7   221.0   148.8   214.2   228.8   328.7   385.0   416.0   436.8   461.2   490.9   536.3   655.0  1563.6 10057.3  30545.7    30445  1715443320536  1715443330654
read      349.9   212.8   160.7   214.8   229.1   324.6   378.4   409.5   431.5   456.7   486.9   532.7   657.8  1883.4  8418.2  30429.4    30450  1715443332165  1715443342294
read      343.2   239.0   148.8   209.4   223.8   315.6   367.1   398.5   421.9   448.5   480.2   528.7   666.4  2193.0  9907.3  30462.4    30455  1715443343806  1715443353922
read      351.5   221.9   148.8   213.0   227.7   327.1   382.6   413.9   435.5   460.4   490.6   535.6   651.9  1710.2  8561.5  30485.2    30460  1715443355431  1715443365553
read      353.0   205.6   148.8   212.7   227.8   329.8   385.8   416.9   438.1   462.8   493.5   540.0   667.1  1656.9  8567.5  30527.4    30465  1715443367062  1715443377191
read      352.2   221.2   160.7   214.8   229.1   329.3   385.0   415.1   435.4   459.3   487.9   531.5   649.7  2063.7 10456.2  30504.6    30470  1715443378702  1715443388823
read      345.7   225.3   148.8   215.3   228.8   322.1   374.1   403.4   424.8   448.4   475.6   517.2   630.4  1826.0  8975.8  30472.5    30475  1715443390334  1715443400459
read      353.0   212.7   160.7   214.0   228.6   328.8   384.6   415.1   435.6   460.3   490.6   537.0   668.9  2191.2  8748.8  30573.6    30480  1715443401968  1715443412095
read      350.1   220.5   148.8   211.9   226.5   326.3   383.2   414.5   435.6   460.1   489.7   534.4   648.7  1535.0 10669.5  30460.8    30485  1715443413603  1715443423737
read      350.0   203.6   148.8   215.4   229.5   327.5   381.7   411.5   432.5   456.8   486.2   530.8   649.4  1385.9  8875.3  30516.3    30490  1715443425248  1715443435378
read      351.8   220.4   148.8   213.1   228.0   327.6   382.1   412.1   433.2   458.1   488.9   536.6   668.2  1932.5  9111.2  30436.5    30495  1715443436892  1715443447037
read      350.4   214.8   148.8   210.7   225.7   326.7   382.9   414.2   435.7   460.3   490.5   537.5   666.7  1566.0  8709.3  30493.1    30500  1715443448547  1715443458686
